0.14050881564617157,0.01852518320083618,-0.9899060726165771,-172.69248962402344,-0.990079402923584,0.0026289219968020916,-0.14048422873020172,-9.238741874694824,-1.0999963251379086e-07,0.9998249411582947,0.01871078833937645,51.496864318847656
0.13933609426021576,0.021656563505530357,-0.9900082945823669,-172.20297241210938,-0.9902431964874268,0.005026509985327721,-0.1392592042684555,-9.14309024810791,0.0019604109693318605,0.9997528195381165,0.02214564010500908,51.46186447143555
0.13816937804222107,0.024790577590465546,-0.9900982975959778,-171.7134552001953,-0.9904008507728577,0.007420191541314125,-0.13802580535411835,-9.048107147216797,0.003924979362636805,0.9996651411056519,0.025577852502465248,51.42510223388672
0.1370084434747696,0.027927033603191376,-0.9901761412620544,-171.22393798828125,-0.9905523657798767,0.009809899143874645,-0.13678382337093353,-8.95379638671875,0.005893561523407698,0.9995618462562561,0.02900722809135914,51.38657760620117
0.13585354387760162,0.03106609173119068,-0.9902417659759521,-170.73443603515625,-0.9906976819038391,0.012195629067718983,-0.13553349673748016,-8.860162734985352,0.00786612555384636,0.9994429349899292,0.032433927059173584,51.34629440307617
0.1347048133611679,0.034207556396722794,-0.9902951121330261,-170.2449493408203,-0.9908368587493896,0.014577326364815235,-0.13427495956420898,-8.767210006713867,0.009842636995017529,0.9993084073066711,0.03585774451494217,51.304256439208984
0.13356202840805054,0.037351470440626144,-0.9903363585472107,-169.7554931640625,-0.9909699559211731,0.016954952850937843,-0.13300800323486328,-8.674942016601562,0.011823060922324657,0.9991583228111267,0.039278723299503326,51.26046371459961
0.13242532312870026,0.04049764201045036,-0.9903653264045715,-169.2660675048828,-0.9910967946052551,0.01932845450937748,-0.1317327618598938,-8.58336353302002,0.013807364739477634,0.9989926815032959,0.04269665852189064,51.21491622924805
0.1312945932149887,0.04364611208438873,-0.9903821349143982,-168.77667236328125,-0.9912175536155701,0.021697798743844032,-0.13044913113117218,-8.492478370666504,0.0157955139875412,0.9988114237785339,0.04611159488558769,51.16761779785156
0.13016997277736664,0.046796806156635284,-0.9903867244720459,-168.28732299804688,-0.9913321137428284,0.024062946438789368,-0.12915724515914917,-8.402291297912598,0.017787475138902664,0.9986145496368408,0.049523450434207916,51.118568420410156
0.12905147671699524,0.04994964599609375,-0.9903790950775146,-167.7980194091797,-0.9914405345916748,0.026423852890729904,-0.12785711884498596,-8.312806129455566,0.01978321373462677,0.9984021186828613,0.052932143211364746,51.067771911621094
0.12793901562690735,0.05310456082224846,-0.9903593063354492,-167.30877685546875,-0.9915428161621094,0.02878047153353691,-0.1265486478805542,-8.224027633666992,0.02178269624710083,0.9981741309165955,0.05633758753538132,51.015228271484375
0.12683267891407013,0.0562615841627121,-0.9903272986412048,-166.81959533691406,-0.9916388988494873,0.03113277442753315,-0.12523198127746582,-8.135958671569824,0.02378588728606701,0.9979305267333984,0.05973982810974121,50.960941314697266
0.1257326453924179,0.059420518577098846,-0.9902830123901367,-166.3304901123047,-0.9917287826538086,0.03348071873188019,-0.12390724569559097,-8.048604965209961,0.02579275518655777,0.9976714253425598,0.06313866376876831,50.904911041259766
0.12463866919279099,0.06258153915405273,-0.9902266263961792,-165.84144592285156,-0.9918125867843628,0.03582427650690079,-0.12257422506809235,-7.961969375610352,0.027803268283605576,0.99739670753479,0.06653424352407455,50.84714126586914
0.1235508844256401,0.06574442982673645,-0.990157961845398,-165.3524932861328,-0.9918901920318604,0.03816338628530502,-0.12123305350542068,-7.876056671142578,0.029817383736371994,0.9971064329147339,0.06992637366056442,50.78763198852539
0.12246931344270706,0.06890913844108582,-0.9900771975517273,-164.86363220214844,-0.9919615983963013,0.04049800708889961,-0.11988375335931778,-7.790870666503906,0.03183506801724434,0.9968006014823914,0.07331497967243195,50.72638702392578
0.12139395624399185,0.07207567989826202,-0.9899841547012329,-164.37486267089844,-0.9920268654823303,0.04282812029123306,-0.11852633953094482,-7.70641565322876,0.03385629504919052,0.9964792132377625,0.07670008391141891,50.66341018676758
0.12032495439052582,0.07524386793375015,-0.9898788928985596,-163.8861846923828,-0.9920859336853027,0.04515368118882179,-0.11716095358133316,-7.622695446014404,0.03588103502988815,0.9961423277854919,0.0800815001130104,50.59870147705078
0.1192622035741806,0.07841374725103378,-0.989761471748352,-163.39761352539062,-0.9921388030052185,0.04747463017702103,-0.11578748375177383,-7.539714336395264,0.03790922835469246,0.9957898855209351,0.08345925062894821,50.53226089477539
0.11820583045482635,0.08158522844314575,-0.9896318912506104,-162.90914916992188,-0.9921855330467224,0.04979095235466957,-0.11440608650445938,-7.457476615905762,0.039940863847732544,0.9954218864440918,0.08683326840400696,50.46409225463867
0.11715573072433472,0.08475837111473083,-0.9894900321960449,-162.42080688476562,-0.9922260642051697,0.05210259556770325,-0.11301663517951965,-7.375986099243164,0.04197589308023453,0.9950383901596069,0.09020357578992844,50.39419937133789
0.11611191928386688,0.08793295919895172,-0.9893360733985901,-161.93258666992188,-0.9922604560852051,0.054409511387348175,-0.11161917448043823,-7.295246601104736,0.04401428624987602,0.9946393370628357,0.09356998652219772,50.32258224487305
0.115074522793293,0.09110903739929199,-0.9891698360443115,-161.4445037841797,-0.9922885894775391,0.05671168118715286,-0.11021382361650467,-7.215262413024902,0.04605600982904434,0.9942247867584229,0.09693253040313721,50.249244689941406
0.11404344439506531,0.09428653866052628,-0.9889914989471436,-160.95655822753906,-0.992310643196106,0.05900906026363373,-0.1088004931807518,-7.136037349700928,0.0481010377407074,0.9937947392463684,0.10029112547636032,50.17418670654297
0.11301881074905396,0.09746536612510681,-0.9888009428977966,-160.46876525878906,-0.9923264384269714,0.061301618814468384,-0.10737931728363037,-7.057575225830078,0.050149332731962204,0.9933491945266724,0.1036456972360611,50.097412109375
0.11200039088726044,0.10064546018838882,-0.9885982275009155,-159.98110961914062,-0.9923361539840698,0.06358927488327026,-0.10595008730888367,-6.979880332946777,0.05220084637403488,0.9928881525993347,0.10699614882469177,50.018924713134766
0.11098844558000565,0.10382696241140366,-0.9883832931518555,-159.49362182617188,-0.9923396110534668,0.06587202847003937,-0.10451303422451019,-6.902956962585449,0.05425553768873215,0.9924116134643555,0.11034264415502548,49.938724517822266
0.10998297482728958,0.10700967907905579,-0.9881561994552612,-159.00628662109375,-0.9923369288444519,0.06814984232187271,-0.10306819528341293,-6.826808452606201,0.056313395500183105,0.9919196367263794,0.11368498206138611,49.8568115234375
0.10898400843143463,0.1101934164762497,-0.9879169464111328,-158.5191192626953,-0.9923280477523804,0.07042267173528671,-0.10161559283733368,-6.751439094543457,0.05837438255548477,0.9914121627807617,0.11702296137809753,49.773193359375
