-0.053712062537670135,-0.04383711889386177,-0.9975937604904175,-173.3074951171875,-0.9985564947128296,0.0023578896652907133,0.05366028472781181,6.292822360992432,-9.633924946683692e-08,0.9990358948707581,-0.04390048608183861,46.48796844482422
-0.05312591418623924,-0.04181934520602226,-0.9977117776870728,-172.84304809570312,-0.9985877871513367,0.0023669786751270294,0.053073346614837646,6.113767623901367,0.0001420697517460212,0.9991223812103271,-0.04188603535294533,46.53520584106445
-0.052539389580488205,-0.03980137035250664,-0.9978253841400146,-172.37840270996094,-0.9986188411712646,0.00237724999897182,0.05248634144663811,5.9349870681762695,0.0002830520097631961,0.9992047548294067,-0.039871297776699066,46.581512451171875
-0.051952604204416275,-0.03778332099318504,-0.9979345202445984,-171.91355895996094,-0.9986494779586792,0.00238871481269598,0.05189938470721245,5.756480693817139,0.00042284990195184946,0.9992830753326416,-0.037856392562389374,46.62688446044922
-0.0513654462993145,-0.035765089094638824,-0.9980393052101135,-171.44851684570312,-0.9986797571182251,0.0024013619404286146,0.05131235718727112,5.578248977661133,0.0005614625988528132,0.9993573427200317,-0.035841215401887894,46.67132568359375
-0.05077803134918213,-0.03374667838215828,-0.9981396198272705,-170.98329162597656,-0.9987097382545471,0.002415195805951953,0.05072537437081337,5.400291442871094,0.0006988896639086306,0.9994274973869324,-0.03382577374577522,46.7148323059082
-0.050190359354019165,-0.031728219240903854,-0.9982355833053589,-170.5178680419922,-0.9987393021583557,0.0024302219972014427,0.0501384437084198,5.22260856628418,0.0008351303986273706,0.9994935989379883,-0.03181019425392151,46.75740432739258
-0.049602311104536057,-0.029709601774811745,-0.9983270764350891,-170.05226135253906,-0.9987685680389404,0.0024464307352900505,0.04955144599080086,5.045200347900391,0.0009701842209324241,0.9995555877685547,-0.029794365167617798,46.799041748046875
-0.04901400953531265,-0.027690833434462547,-0.998414158821106,-169.5864715576172,-0.9987974762916565,0.002463825512677431,0.0489644929766655,4.868066787719727,0.001104050548747182,0.9996135234832764,-0.027778297662734985,46.839744567871094
-0.048425450921058655,-0.02567204274237156,-0.9984968304634094,-169.1204833984375,-0.9988260269165039,0.002482412150129676,0.048377592116594315,4.691208362579346,0.0012367289746180177,0.9996673464775085,-0.02576211653649807,46.87950897216797
-0.04783663526177406,-0.023653116077184677,-0.9985750913619995,-168.65431213378906,-0.9988542199134827,0.002502183895558119,0.04779073968529701,4.51462459564209,0.001368218450807035,0.999717116355896,-0.023745710030198097,46.918338775634766
-0.047247447073459625,-0.021634062752127647,-0.9986488819122314,-168.18795776367188,-0.9988821148872375,0.0025231381878256798,0.04720382019877434,4.338315963745117,0.0014985187444835901,0.999762773513794,-0.021729089319705963,46.956233978271484
-0.046658001840114594,-0.019614892080426216,-0.9987183213233948,-167.721435546875,-0.998909592628479,0.002545277588069439,0.04661694914102554,4.162282466888428,0.0016276290407404304,0.9998043775558472,-0.019712261855602264,46.99319076538086
-0.046068303287029266,-0.017595849931240082,-0.9987832903862,-167.25473022460938,-0.9989367723464966,0.002568613737821579,0.04603013023734093,3.9865238666534424,0.001755549106746912,0.9998418688774109,-0.0176954735070467,47.029212951660156
-0.045478351414203644,-0.015576588921248913,-0.9988438487052917,-166.78785705566406,-0.9989635348320007,0.002593128476291895,0.04544335976243019,3.8110404014587402,0.0018822780111804605,0.9998753070831299,-0.015678375959396362,47.06429672241211
-0.04488814249634743,-0.013557233847677708,-0.9988999962806702,-166.32080078125,-0.998989999294281,0.002618828322738409,0.04485664516687393,3.6358323097229004,0.002007815521210432,0.9999046921730042,-0.013661094941198826,47.09844207763672
-0.044297680258750916,-0.011537913233041763,-0.9989517331123352,-165.85357666015625,-0.9990161061286926,0.002645717700943351,0.044269975274801254,3.4608993530273438,0.0021321610547602177,0.9999299645423889,-0.011643759906291962,47.131649017333984
-0.04370684549212456,-0.009518635459244251,-0.9989990592002869,-165.3861846923828,-0.9990418553352356,0.002673795446753502,0.0436832420527935,3.2862420082092285,0.002255314262583852,0.9999511241912842,-0.009626378305256367,47.163917541503906
-0.043115757405757904,-0.007499289698898792,-0.9990419149398804,-164.9186248779297,-0.9990672469139099,0.0027030573692172766,0.04309656098484993,3.1118600368499756,0.0023772739805281162,0.9999682307243347,-0.007608839310705662,47.195247650146484
-0.042524415999650955,-0.005479884799569845,-0.9990804195404053,-164.45089721679688,-0.9990922808647156,0.002733503235504031,0.04250992834568024,2.937753677368164,0.0024980399757623672,0.9999812245368958,-0.005591151304543018,47.22563934326172
-0.04193282127380371,-0.0034604279790073633,-0.999114453792572,-163.98301696777344,-0.9991170167922974,0.0027651330456137657,0.04192335158586502,2.763922929763794,0.002617611549794674,0.9999901652336121,-0.0035733222030103207,47.255088806152344
-0.04134097322821617,-0.001441047410480678,-0.9991440773010254,-163.5149688720703,-0.9991413354873657,0.002797950990498066,0.041336823254823685,2.5903677940368652,0.0027359877713024616,0.9999950528144836,-0.0015554800629615784,47.283599853515625
-0.040748871862888336,0.0005782489897683263,-0.9991692304611206,-163.04676818847656,-0.9991653561592102,0.00283195823431015,0.040750350803136826,2.417088270187378,0.0028531693387776613,0.9999958276748657,0.00046236722846515477,47.31117248535156
-0.040156517177820206,0.0025974528398364782,-0.9991900324821472,-162.5784149169922,-0.999189019203186,0.0028671536128968,0.040163930505514145,2.244084596633911,0.0029691550880670547,0.9999924898147583,0.002480211202055216,47.33780288696289
-0.03956391289830208,0.004616674967110157,-0.9992063641548157,-162.10989379882812,-0.9992122650146484,0.0029035320039838552,0.039577558636665344,2.071356773376465,0.003083944320678711,0.9999850988388062,0.004498163238167763,47.363494873046875
-0.03897105157375336,0.006635787431150675,-0.9992182850837708,-161.6412353515625,-0.999235212802887,0.00294109876267612,0.03899124637246132,1.8989049196243286,0.003197537502273917,0.9999736547470093,0.0065160952508449554,47.38824462890625
-0.03837794438004494,0.008654901757836342,-0.9992257952690125,-161.17242431640625,-0.9992578029632568,0.002979848301038146,0.038404982537031174,1.7267290353775024,0.0033099327702075243,0.9999580979347229,0.00853411853313446,47.412052154541016
-0.03778458014130592,0.010673890821635723,-0.9992288947105408,-160.70346069335938,-0.9992800354957581,0.0030197857413440943,0.037818774580955505,1.5548291206359863,0.0034211305901408195,0.9999384880065918,0.01055210456252098,47.43491744995117
-0.03719108924269676,0.01269286498427391,-0.9992275834083557,-160.23434448242188,-0.9993019104003906,0.0030609043315052986,0.037232737988233566,1.3832052946090698,0.0035311300307512283,0.9999147653579712,0.012570166029036045,47.45684051513672
-0.03659734129905701,0.014711816795170307,-0.9992218017578125,-159.7650909423828,-0.9993234872817993,0.00310320477001369,0.036646753549575806,1.211857557296753,0.003639930160716176,0.9998869895935059,0.014588294550776482,47.477821350097656
