1.0000000096722956,-6.228826066045912e-09,-1.0334718636428875e-09,0.0,-6.228826066045912e-09,0.9999999573135091,3.5070651244195616e-11,3.552713678800501e-15,-1.0334718636428875e-09,3.5070651244195616e-11,0.9999999962017552,0.0
0.9999997156776814,-0.0007805711009744032,0.00013329526161670602,0.478139124576046,0.0007802709940604446,0.9999973766239125,0.002137179311527595,-0.08716219768967903,-0.0001349698717663106,-0.0021370749695104607,0.9999976905746643,0.11742908623096326
0.999998750174966,-0.0015614774463099668,0.00026496752928445444,0.9563578721770511,0.0015603277671178972,0.999989652520677,0.004274445912969115,-0.17369948361904974,-0.00027163617446268606,-0.004274027054085361,0.9999908382279069,0.2349791907115346
0.9999971580689757,-0.0023425885946611047,0.0003948964644431563,1.4346562428030438,0.002340006950313639,0.999976700254043,0.006411802882003714,-0.2596118577881015,-0.0004099003025850312,-0.0064108612726669345,0.9999793935458444,0.35265031344171405
0.9999949644361401,-0.003124034265345188,0.0005230629408301962,1.9130339442263562,0.0031194405866489527,0.9999585432815951,0.008549224929834329,-0.3448983812245814,-0.0005497502780145158,-0.00854755045151634,0.9999632988020632,0.470438647277696
0.9999921523816704,-0.003905778186521963,0.0006496079825448337,2.3915058914125495,0.0038986140046733397,0.9999352963684913,0.010686706407457253,-0.4295617228802584,-0.000691304135550741,-0.010684090532668722,0.9999426570251758,0.5883423891258843
0.9999886960299829,-0.004687707902252702,0.0007745162155790714,2.8700571693960626,0.004677380489941763,0.9999068186855928,0.01282424533644429,-0.5135992138033636,-0.0008345587470459659,-0.01282047775617956,0.9999174700737701,0.7063633420798752
0.9999846212566614,-0.005469928579494743,0.0008977915746822898,3.348687778176952,0.005455886756899259,0.9998731897698636,0.014961819395640678,-0.597010853993897,-0.0009795172406479313,-0.014956690965322594,0.9998876774335502,0.8245015061396685
0.9999799355004627,-0.00625243432645714,0.00101931139123531,3.827397425527522,0.0062340887912187,0.9998343483291283,0.01709941459155139,-0.6797957044796021,-0.0011260529335720415,-0.01709271680081126,0.99985329393412,0.9427530741614589
0.9999746101469267,-0.007035198774432261,0.0011392995234479168,4.306185653616495,0.00701198659288807,0.9997903504427671,0.01923702231729891,-0.7619537652606745,-0.0012744025210470467,-0.019228546255058654,0.9998142925129073,1.0611142590215863
0.9999686747047154,-0.007818260286693302,0.0012575356987249231,4.785052920275177,0.007789580161919746,0.999741142637799,0.021374630949217228,-0.8434850363369151,-0.001424321911118298,-0.02136416530923113,0.999770759837634,1.1795888478437107
0.9999620674304845,-0.00860153878343678,0.001373997144543216,5.263998933275957,0.008566865252461697,0.9996868318601877,0.02351223508519083,-0.9243885787360746,-0.00157581114436256,-0.02349957426327387,0.9997225785840681,1.2981730334840265
0.9999548564266768,-0.009384981020397531,0.0014889393837665202,5.743023069183721,0.009343703641760598,0.9996272877063864,0.02564984137783749,-1.0046653314307896,-0.0017291111034332118,-0.025634770172929255,0.999669897977504,1.4168630488390193
0.9999470284657204,-0.010168632673421246,0.0016021093447724302,6.222125493602249,0.010120193784088655,0.9995625792877672,0.02778741447700255,-1.0843143554486154,-0.0018839725299298893,-0.027769728754307277,0.9996125684963146,1.5356588738885435
0.9999385773269789,-0.010952638949366988,0.0017137518288092013,6.7013062065315125,0.010896467722434078,0.9994927326683122,0.02992494080475425,-1.163335650789545,-0.0020406423311402078,-0.029904428700709085,0.9995506806233293,1.6545605086325992
0.9999294859430634,-0.011736749777447625,0.0018236200053074192,7.180565373575234,0.011672261370808124,0.9994177035392527,0.0320624244678844,-1.241728278481137,-0.002198870784443585,-0.03203887960530949,0.9994842041596659,1.7735679330510408
0.9999197383475258,-0.012521191976882451,0.0019317074862323091,7.65990237129833,0.012447819897916074,0.9993374723107851,0.03419982924626437,-1.3194931774960281,-0.002358648454816148,-0.03417303716171227,0.999413139877586,1.8926773800403538
0.9999093982668468,-0.013305824332424387,0.002038263689711675,8.139317365304521,0.013222990409559349,0.999252074211103,0.03633716570454687,-1.3966294088617737,-0.0025202307055482986,-0.036306920317860314,0.9993375176631567,2.0118888295803927
0.9998984395356625,-0.014090645055669676,0.0021430385507281158,8.618809897762475,0.013997798002787692,0.9991615092402074,0.038474419610218066,-1.473136972578562,-0.0026833667141658024,-0.03844051428030182,0.9992573077085146,2.1311984945474975
0.999886840084068,-0.014875653252416438,0.0022461516651752222,9.098380134275914,0.014772198663261571,0.9990657773980985,0.04061158753443264,-1.5490149296739446,-0.002848173889838712,-0.04057381165231089,0.9991724955555235,2.2506063549215227
0.9998746240942906,-0.015660949092032916,0.0023475904135158154,9.578027909241115,0.015546324433981878,0.9989648969295648,0.04274864052053542,-1.62426421912037,-0.003014647651174096,-0.04270678531460059,0.9990830827297804,2.370112430722614
0.9998617539710746,-0.01644642506028185,0.002447483647649712,10.057738015464906,0.016320043271942114,0.998858788297643,0.044885587060232726,-1.6988812329938163,-0.0031829035304533626,-0.04483943700749171,0.9989891136927946,2.4897147179005614
0.9998482566355237,-0.01723202909039942,0.0025456012426241514,10.537525367912849,0.017093340505710125,0.9987475636610935,0.04702240022799742,-1.7728686402460525,-0.003352697122907089,-0.04697175426335487,0.9988906162647362,2.6094114133617694
0.9998341518939031,-0.01801791341851769,0.00264191335547867,11.017389508753524,0.017866333506841553,0.9986311291059442,0.049159077128430026,-1.8462264408772704,-0.0035240383277793663,-0.049103722430532515,0.99878747397613,2.7291987299825777
0.9998194676999803,-0.0188040508935024,0.0027366708976721277,11.49733089581835,0.018638997178287486,0.9985095407115757,0.051295596232401416,-1.918954634887271,-0.0036971631740926325,-0.051235326029302586,0.9986797765711326,2.8490804548866464
0.9998040794439935,-0.01959030729708297,0.002829753593781903,11.977333864082794,0.019411220328239387,0.9983827750204056,0.05343195508072837,-1.9910496143522316,-0.003871929015504927,-0.05336655501862675,0.9985674785514109,2.969050796900106
0.9997881243495781,-0.020376799152427405,0.002921156786497847,12.457413786343722,0.020183099477067618,0.9982508528836194,0.055568129301585126,-2.0625140482237256,-0.004048352441203162,-0.055497395311836284,0.9984506405186149,3.0891117400530206
0.9997714842002092,-0.021163511447038763,0.0030108809283477256,12.937570204769798,0.020954640804513758,0.9981137716948191,0.05770411942570015,-2.133347936501938,-0.004226411654977946,-0.05762784497140183,0.9983292023794185,3.20925949722173
0.9997542656440579,-0.021950324975143404,0.003098783119842352,13.417788204395492,0.021725691416397186,0.9979715106028202,0.059839924538828526,-2.2035486102351136,-0.004406006977276555,-0.05975789589381442,0.9982031814091668,3.32949587149983
0.9997364059873073,-0.02273734124741239,0.00318513721995195,13.898082242354974,0.022496393781299695,0.9978240878524104,0.061975523400833385,-2.2731187383751994,-0.004587363478600448,-0.06188753205487596,0.9980726045392365,3.4498152726700653
