1.0000000096722956,-6.228826066045912e-09,-1.0334718636428875e-09,0.0,-6.228826066045912e-09,0.9999999573135091,3.5070651244195616e-11,3.552713678800501e-15,-1.0334718636428875e-09,3.5070651244195616e-11,0.9999999962017552,0.0
0.9999933320808863,-0.0025181117051463753,0.0026548611024194424,0.45503077189343344,0.00252045578593027,0.9999964174501856,-0.0008804567315637279,0.1849142304227307,-0.0026526381895530804,0.0008871418072217696,0.9999961097178413,-0.09358397065532387
0.9999732529297977,-0.0050337317518780456,0.005311756380333432,0.9093436290987427,0.005043106041003692,0.9999857404530417,-0.001754201828835445,0.37105739329323484,-0.005302852193504348,0.0017809433940823571,0.9999843525392187,-0.18821083818865958
0.9999397816187909,-0.007547052484841332,0.007970906580936965,1.3629236176705888,0.007568149936606039,0.9999678989130774,-0.0026212515730772296,0.5584293406461285,-0.007950869326509458,0.002681419063573026,0.9999648179317114,-0.2838749523223143
0.9998929054564394,-0.010057821135266432,0.010632048491488771,1.815785486970725,0.01009533805819382,0.999942968499477,-0.003481568991247793,0.7470264645571945,-0.010596425385310804,0.003588530049669192,0.9999374176382834,-0.3805780961297387
0.9998326335185855,-0.012566151017135985,0.01329527859864868,2.2679144486575638,0.012624787777318208,0.9999109087712496,-0.00433515871815,0.9368495560334971,-0.013239619029863259,0.004502281608148445,0.9999022000331291,-0.4783146393533855
0.9997590055737158,-0.015072024467643913,0.015960704553112104,2.7192955487857375,0.015156444654048362,0.9998716558298202,-0.005182004684619081,1.1278984671096488,-0.015880545125767642,0.005422662222695329,0.9998592121408043,-0.5770789317155618
0.9996720097295577,-0.017575178311899253,0.01862804728296258,3.1699286217515237,0.0176900739452846,0.9998253440301512,-0.006022074646937783,1.3201722588131979,-0.01851895457603292,0.006349632338321531,0.999808367621514,-0.6768709531961221
0.9995716275271525,-0.020075809124929622,0.021297295947609318,3.6198136285750593,0.02022589147684431,0.9997718872774646,-0.006855387475143197,1.513668114226995,-0.021154815129827975,0.007283206572788636,0.9997496677857953,-0.7776868566109698
0.9994578357735218,-0.02257380566059422,0.02396842484507014,4.068935323083338,0.02276375053428356,0.9997113260127504,-0.007681916480000606,1.708386824357909,-0.023788101468827372,0.008223362565390413,0.9996831757794191,-0.8795247988262176
0.999330677623865,-0.02506913990585341,0.02664154110823383,4.517293831900275,0.025303626020559772,0.9996436550232118,-0.008501650563408465,1.9043265112612353,-0.026418923877713274,0.009170087548552308,0.9996088786509207,-0.9823809526779144
0.9991901127006355,-0.02756179419790103,0.02931649617213719,4.964889116046066,0.02784552836127327,0.999568810410274,-0.009314580166759756,2.1014843580198175,-0.029047127378633353,0.010123370005958865,0.9995267943605525,-1.0862514709819635
0.9990362317464648,-0.03005163226319152,0.03199326362262958,5.41170609495137,0.030389275319350012,0.9994868886943069,-0.010120686709015662,2.2998620946129797,-0.03167270042711612,0.011083185489401903,0.999436866062943,-1.1911345306246233
0.9988689334396168,-0.032538622097073255,0.03467170185400101,5.857744729636437,0.032934887745981994,0.9993978233703372,-0.010919963768698832,2.499456904123562,-0.03429550319215258,0.012049518872550902,0.9993391108770298,-1.297026284421797
0.9986882307566602,-0.03502299786363455,0.03735202189758105,6.302989773928232,0.03548257104138253,0.9993016561407359,-0.0117124074889118,2.700269577558437,-0.036915732368022924,0.013022389082835928,0.9992335032909019,-1.4039248892395975
0.998494222259172,-0.03750449827994928,0.04003397844358075,6.747441354450643,0.03803204026837689,0.9991983400903347,-0.012498001069840465,2.9022982369728965,-0.0395331597155012,0.014001757028526463,0.9991201329990653,-1.5118265179140735
0.9982867997006721,-0.03998321163259538,0.04271766940152211,7.191099432223865,0.04058341897825812,0.9990878908575227,-0.013276743113767555,3.1055400654497944,-0.04214785470160698,0.014987625877898147,0.9989989881650833,-1.6207273232611286
0.9980660517114701,-0.042458885739622976,0.045402928497851436,7.633949384509975,0.04313643690529079,0.9989703841114838,-0.014048600751726191,3.309996792968633,-0.04475969295409166,0.015979952010825027,0.9988699688127886,-1.7306216950433608
0.9978319382379377,-0.04493161968494441,0.04808974735045338,8.075990714497777,0.04569119250373582,0.9988457768048287,-0.014813576879106855,3.5156656026120707,-0.04736864711633182,0.01697873614847889,0.9987331359941273,-1.8415095732003337
0.9975844476554505,-0.047401410147599216,0.05077822665077014,8.517223383207437,0.04824768577358837,0.9987140076453807,-0.015571652289615101,3.7225436774629586,-0.049974813345764146,0.017983970384559345,0.9985885375749703,-1.9533871105479506
0.997323604392601,-0.04986820453424379,0.05346809594119192,8.95763231006967,0.05080587270052844,0.9985751274997228,-0.01632282905347992,3.9306327475006064,-0.05257792442181197,0.01899563616562694,0.9984361462127462,-2.0662524839724696
0.9970493726425375,-0.052331891654624985,0.0561594530477845,9.397217290500947,0.0533656212415502,0.9984291768088449,-0.01706708494814829,4.139929056835417,-0.05517808108330491,0.020013710668680074,0.998275950081106,-2.1801018262696488
0.996761817602229,-0.05479256604216701,0.05885239034367881,9.835963701763347,0.0559270236711677,0.9982760512331816,-0.017804409406253118,4.350434335446899,-0.057775385022354464,0.021038196879088256,0.9981078779742969,-2.294929527202086
0.9964609754480751,-0.057250066675357536,0.06154641672931979,10.273871504877008,0.0584899479464053,0.9981159033724828,-0.01853481414569883,4.562145766417899,-0.060369341541355426,0.022069065949664513,0.9979321093393578,-2.4107317395856853
0.996146784318187,-0.05970440147767142,0.06424197971898013,10.710940368634539,0.06105435005290685,0.9979486132487932,-0.01925825566741797,4.775061471803522,-0.06296039720378033,0.02310630382864165,0.9977485300369607,-2.527508423380155
0.9958192172480465,-0.06215553175050981,0.06693881120261982,11.147155339090489,0.06362024041627826,0.9977742343350944,-0.019974744028961322,4.989181303638379,-0.06554828608088836,0.02414989927095823,0.9975571124407332,-2.6452539283078025
0.9954783182870545,-0.06460344426977943,0.06963701219512589,11.58251608503744,0.06618759393947735,0.9975927640249874,-0.020684258190103888,5.204503383977574,-0.0681331110606358,0.025199839420691816,0.9973579043774438,-2.7639682143283366
0.9951241199162586,-0.06704799494637365,0.07233656233654534,12.017022733099282,0.06875623881102286,0.9974041762544896,-0.021386783768393435,5.421025834876403,-0.07071485355521678,0.026256093725236185,0.9971509683470576,-2.8836474542778063
0.9947565761700333,-0.06948941727372934,0.07503719631693576,12.450660329330617,0.07132641595378134,0.997208512725972,-0.022082338277974095,5.638748508369478,-0.07329324158641481,0.027318686659565827,0.9969362163460758,-3.004285997878519
0.9943757618185587,-0.07192742639459371,0.07773887699246132,12.883428917553516,0.07389785510201147,0.9970057826036458,-0.02277089804587574,5.85766905702587,-0.0758682654312327,0.02838756502476869,0.9967136528648738,-3.1258800079564537
