0.14050881564617157,0.01852518320083618,-0.9899060726165771,-172.69248962402344,-0.990079402923584,0.0026289219968020916,-0.14048422873020172,-9.238741874694824,-1.0999963251379086e-07,0.9998249411582947,0.01871078833937645,51.496864318847656
0.13762833178043365,0.017916562035679817,-0.9903218746185303,-172.2236328125,-0.9904810786247253,7.622823613928631e-05,-0.1376490741968155,-9.0679349899292,-0.002390707843005657,0.9998394846916199,0.01775650680065155,51.4652099609375
0.13474829494953156,0.017300596460700035,-0.9907287955284119,-171.7542724609375,-0.990868330001831,-0.002474698470905423,-0.13481049239635468,-8.898414611816406,-0.004784056916832924,0.9998472929000854,0.01680915057659149,51.434268951416016
0.13186854124069214,0.01667717657983303,-0.9911268949508667,-171.28439331054688,-0.9912412166595459,-0.005023838486522436,-0.13196828961372375,-8.730184555053711,-0.00718011986464262,0.9998483061790466,0.015868617221713066,51.40403747558594
0.12898914515972137,0.01604643277823925,-0.9915161728858948,-170.8140106201172,-0.9915997385978699,-0.007571137044578791,-0.1291225403547287,-8.563247680664062,-0.00957886129617691,0.9998425841331482,0.014935043640434742,51.374515533447266
0.12611016631126404,0.015408258885145187,-0.9918965697288513,-170.34312438964844,-0.991943895816803,-0.010116569697856903,-0.12627333402633667,-8.39760684967041,-0.011980243027210236,0.9998301267623901,0.014008325524628162,51.34569549560547
0.12323169410228729,0.014762667939066887,-0.9922680854797363,-169.87173461914062,-0.9922736883163452,-0.01266009733080864,-0.12342073768377304,-8.23326587677002,-0.01438422966748476,0.9998108744621277,0.01308848150074482,51.31757736206055
0.1203538030385971,0.014109671115875244,-0.9926307797431946,-169.3998565673828,-0.9925890564918518,-0.015201680362224579,-0.12056482583284378,-8.07022762298584,-0.016790784895420074,0.9997848868370056,0.012175525538623333,51.290157318115234
0.1174764409661293,0.013449280522763729,-0.9929845929145813,-168.927490234375,-0.9928900599479675,-0.017741281539201736,-0.11770554631948471,-7.9084954261779785,-0.019199874252080917,0.9997521638870239,0.011269474402070045,51.263431549072266
0.1145998015999794,0.012781511060893536,-0.9933295249938965,-168.4546356201172,-0.9931766390800476,-0.020278865471482277,-0.11484310030937195,-7.748072147369385,-0.021611465141177177,0.9997126460075378,0.010370343923568726,51.23740005493164
0.11172384768724442,0.012106372974812984,-0.9936655759811401,-167.98130798339844,-0.993448793888092,-0.022814393043518066,-0.11197743564844131,-7.588961124420166,-0.02402551658451557,0.9996663928031921,0.009478149935603142,51.21205520629883
0.10884852707386017,0.011423875577747822,-0.9939926862716675,-167.50750732421875,-0.9937065839767456,-0.02534782513976097,-0.10910851508378983,-7.4311652183532715,-0.026441995054483414,0.9996134042739868,0.008592907339334488,51.18739700317383
0.10597404092550278,0.010734153911471367,-0.9943109750747681,-167.03323364257812,-0.9939499497413635,-0.027879102155566216,-0.106236532330513,-7.274687767028809,-0.028860855847597122,0.9995536804199219,0.007714750710874796,51.163421630859375
0.10310033708810806,0.010037099942564964,-0.9946203231811523,-166.55848693847656,-0.9941789507865906,-0.030408214777708054,-0.10336144268512726,-7.119532108306885,-0.031282078474760056,0.9994871616363525,0.006843575742095709,51.14012908935547
0.10022737830877304,0.009332720190286636,-0.9949207901954651,-166.08328247070312,-0.9943934679031372,-0.03293510526418686,-0.10048320144414902,-6.965700626373291,-0.03370560333132744,0.9994139075279236,0.005979396868497133,51.11751174926758
0.09735535085201263,0.00862103421241045,-0.9952123165130615,-165.6076202392578,-0.994593620300293,-0.03545974940061569,-0.0976019948720932,-6.813196659088135,-0.03613140806555748,0.999333918094635,0.005122228991240263,51.0955696105957
0.09448433667421341,0.0079020531848073,-0.9954949617385864,-165.13150024414062,-0.9947792887687683,-0.03798209875822067,-0.09471790492534637,-6.662023544311523,-0.038559455424547195,0.9992471933364868,0.00427208561450243,51.07429885864258
0.09161417186260223,0.007175783161073923,-0.9957687258720398,-164.65492248535156,-0.9949505925178528,-0.040502119809389114,-0.0918307676911354,-6.512184143066406,-0.0409897044301033,0.9991536736488342,0.003428981639444828,51.05369567871094
0.08874504268169403,0.006442241836339235,-0.9960335493087769,-164.1779022216797,-0.9951074719429016,-0.04301978275179863,-0.08894077688455582,-6.363680839538574,-0.04342212527990341,0.9990534782409668,0.002592930104583502,51.033756256103516
0.08587703108787537,0.005701560061424971,-0.9962894320487976,-163.700439453125,-0.99524986743927,-0.045535020530223846,-0.08604801446199417,-6.216516971588135,-0.045856669545173645,0.998946487903595,0.0017640640726312995,51.01448059082031
0.08301009982824326,0.004953510593622923,-0.996536374092102,-163.2225341796875,-0.9953778386116028,-0.04804784059524536,-0.08315242826938629,-6.070695877075195,-0.04829331859946251,0.9988327622413635,0.0009421586873941123,50.9958610534668
0.08014418929815292,0.0041982196271419525,-0.996774435043335,-162.74420166015625,-0.9954914450645447,-0.050558190792798996,-0.0802539736032486,-5.926219940185547,-0.05073203891515732,0.9987123012542725,0.00012734603660646826,50.97789764404297
0.07727950811386108,0.0034358229022473097,-0.9970035552978516,-162.26544189453125,-0.9955905675888062,-0.05306600406765938,-0.0773528590798378,-5.783092498779297,-0.0531727634370327,0.9985851049423218,-0.0006802418502047658,50.96058654785156
0.07441600412130356,0.002666210290044546,-0.9972237348556519,-161.7862548828125,-0.995675265789032,-0.05557125806808472,-0.07444902509450912,-5.641315937042236,-0.05561547353863716,0.9984511733055115,-0.0014807113911956549,50.94392776489258
0.07155387103557587,0.001889402512460947,-0.9974349737167358,-161.306640625,-0.9957454800605774,-0.05807392671704292,-0.07154268026351929,-5.500893592834473,-0.05806013569235802,0.9983105063438416,-0.0022740501444786787,50.927913665771484
0.06869307160377502,0.0011054062051698565,-0.9976372122764587,-160.8266143798828,-0.9958012700080872,-0.06057395413517952,-0.06863377243280411,-5.361827850341797,-0.06050670146942139,0.998163104057312,-0.003060246119275689,50.91254425048828
0.06583355367183685,0.00031411024974659085,-0.9978305697441101,-160.34617614746094,-0.9958426356315613,-0.0630713403224945,-0.06572225689888,-5.224121570587158,-0.06295515596866608,0.9980089664459229,-0.0038394059520214796,50.8978157043457
0.06297552585601807,-0.00048422676627524197,-0.9980149269104004,-159.86532592773438,-0.9958695769309998,-0.06556601077318192,-0.0628083348274231,-5.087777614593506,-0.06540544331073761,0.9978480935096741,-0.004611280281096697,50.883724212646484
0.06011892855167389,-0.0012897184351459146,-0.9981904029846191,-159.3840789794922,-0.9958820343017578,-0.06805791705846786,-0.0598919652402401,-4.952798843383789,-0.0678575187921524,0.9976805448532104,-0.005375976674258709,50.87026596069336
0.05726372450590134,-0.002102357568219304,-0.9983568787574768,-158.90243530273438,-0.995880126953125,-0.07054705917835236,-0.05697310343384743,-4.819188117980957,-0.07031136006116867,0.9975062608718872,-0.0061334832571446896,50.85743713378906
