0.999999989804704,3.143105442582339e-09,-8.08415339878521e-11,0.0,3.143105442582339e-09,1.0000000587952331,2.1396221946967664e-10,-1.7763568394002505e-15,-8.08415339878521e-11,2.1396221946967664e-10,0.9999999718768046,0.0
0.9999946910374163,0.0012581095034317202,-0.002995409174694012,0.465714649695542,-0.0012580016847123093,0.9999992594798148,3.523221365127338e-05,-0.1698637124173885,0.0029954491833030046,-3.1463447960424634e-05,0.9999954851295266,-0.06528829812081938
0.9999788820828798,0.002516283993295697,-0.005990759931515141,0.931397331753459,-0.002515882000236308,0.9999968359544196,7.423316572284684e-05,-0.34031493765223786,0.005990925083811267,-5.915930546107791e-05,0.9999820516208262,-0.12917665603323059
0.999952504824567,0.003774532968860843,-0.008986019979033665,1.3970632682465407,-0.0037736308820678424,0.9999929072562576,0.00011700193441609749,-0.5113544952855804,0.008986398964680089,-8.308615259799111e-05,0.9999596131110698,-0.19166440483589042
0.9999155609342568,0.005032842566172854,-0.011981166981810157,1.8626972371020543,-0.005031244610297317,0.9999873547483048,0.00016353801665652595,-0.6829815657363856,0.01198183733940475,-0.00010324381201967832,0.9999281705817403,-0.2527522134301421
0.9998680512296593,0.006291223376678826,-0.014976170072099004,2.328299212732702,-0.0062887231849265215,0.9999802375489804,0.00021384030909629942,-0.8551966251534928,0.014977221599491617,-0.00011963091522406571,0.9998877850514184,-0.31244008294032
0.9998099773825532,0.007549661019777991,-0.017971008753883324,2.7938539474785387,-0.007546062886045868,0.9999714967399583,0.0002679087574492592,-1.0279993301047128,0.017972518258435967,-0.00013224733670025648,0.9998384574207572,-0.37072868339209464
0.9997414115473338,0.008808046654215876,-0.020965531276426218,3.259361299459698,-0.008803147877947275,0.9999612575613328,0.0003257443090288719,-1.2013892044408365,0.020967586924815068,-0.00014109713095742174,0.9997801346959532,-0.4276142026416494
0.9996622243162018,0.010066485860238797,-0.023959829108264368,3.724821410556075,-0.010060090794855259,0.9999493352544045,0.0003873440775467906,-1.3753667243110712,0.023962515134222942,-0.00014617495931477237,0.9997128128576181,-0.483100452832808
0.9995725425166416,0.011324869282501156,-0.026953880547530465,4.190219033107667,-0.011316775282626375,0.9999359147779661,0.00045270978483325983,-1.5499315462832257,0.026957278628727745,-0.0001474849862736112,0.9996365525215577,-0.5371881039912481
0.9994722472847892,0.012583301990991155,-0.02994753411210342,4.655569414774419,-0.012573310255595029,0.9999208710920162,0.0005218373795688918,-1.725084013789493,0.029951729555262843,-0.00014502207037259476,0.9995513006821648,-0.5898764860912848
0.9993614599739975,0.013841668754038264,-0.032940887328656465,5.120841918356604,-0.013829583079519016,0.9999042103994389,0.0005947292904442373,-1.90082296381628,0.03294596367189652,-0.00013879069258210253,0.9994571127160028,-0.6411631270404641
0.9992400682807488,0.01509996903583092,-0.035933790492022256,5.586051933393975,-0.015085583631522785,0.9998859924189323,0.0006713830774010055,-2.0771492159449885,0.03593982968494576,-0.00012879046860615403,0.9993539355393799,-0.6910511689569319
0.999108180642131,0.016358318011822075,-0.03892633492705925,6.0511842378138,-0.016341437351784498,0.9998662109476126,0.00075179852783819,-2.2540619505945862,0.03893342558158819,-0.00011501563814043242,0.9992417651392217,-0.7395412807420243
0.998965691182095,0.01761659354072332,-0.041918379015350796,6.5162386129745755,-0.017597015080218346,0.9998448128698517,0.0008359742880098657,-2.4315621200623863,0.04192659965140464,-9.747110230557202e-05,0.999120667400809,-0.7866296536249138
0.9988127199832104,0.018874795096944473,-0.04490989211415987,6.981215277517805,-0.018852323219803707,0.9998218579043477,0.0009239095484433467,-2.6096487720510737,0.044919330719386565,-7.615670941176281e-05,0.9989905840085073,-0.832320096376435
0.9986491506669619,0.020132803750376044,-0.04790096959981281,7.446098958196245,-0.02010723261043172,0.9997973524540775,0.0010156055727984687,-2.7883220392773005,0.04791170607795492,-5.1077510796176256e-05,0.9988515704333725,-0.8766132801466
0.9984751021831249,0.021390731475513444,-0.05089146286858101,7.910889487542931,-0.02136186869230363,0.9997712307975521,0.0011110589310676228,-2.967581921740699,0.050903584478841024,-2.2227828544128803e-05,0.9987035735433126,-0.9195053939159124
0.9982904633660871,0.02264845934480253,-0.0538813452281094,8.37557186212652,-0.022616102305322017,0.9997434993377484,0.0012102678363403612,-3.14742664756292,0.053894934585318924,1.0387227855665482e-05,0.9985465945112663,-0.9610009153565571
0.9980952885658955,0.023906105765317945,-0.056870591787213896,8.840161252845348,-0.023870053828231805,0.9997142113903879,0.0013132326728927746,-3.3278579886226805,0.0568857317512783,4.677280327864547e-05,0.9983806940931865,-1.0010991778158385
0.9978895853854772,0.02516355178395211,-0.05985917444819358,9.30462721555395,-0.025123604223825313,0.9996833733584471,0.0014199507863595375,-3.5088743057579137,0.05987594881027339,8.692436975152318e-05,0.9982058138616029,-1.0398015190964642
0.9976733436393269,0.02642090942375197,-0.06284718336319704,9.76898480485795,-0.02637686694943466,0.9996509195204374,0.0015304264477601396,-3.6904764185492844,0.06286567853686575,0.0001308465003096726,0.9980219498549727,-1.0771034592775948
0.9974466355454317,0.027678059218796486,-0.06583447703817727,10.233218966151668,-0.02762972802930852,0.9996169159980336,0.0016446538215756346,-3.8726635074161315,0.06585477681354202,0.00017853452791190272,0.9978291679531122,-1.1130094782800555
0.9972093371292381,0.02893511875640076,-0.06882102741171849,10.697329648260705,-0.028882296377770095,0.9995812967696074,0.0017626349235884214,-4.055436524656132,0.06884321209032077,0.00022999350315874856,0.9976274693891193,-1.1475195783525294
0.9969615154935167,0.030191968596197202,-0.07180680518961852,11.16131690235946,-0.030134454299143562,0.9995441279568337,0.0018843666804113951,-4.238794517971607,0.07183096121368107,0.000285218177493593,0.9974167361259382,-1.1806337572463406
0.9967031783434086,0.03144848475406628,-0.07479178680491115,11.625165506375197,-0.03138608275622149,0.9995053565441306,0.0020098441944709847,-4.422736667781525,0.07481799469111548,0.00034420321923354924,0.9971971481856597,-1.2123526838628393
0.9964342611837611,0.03270478429939896,-0.07777594376475919,12.088875409133465,-0.03263729200485889,0.999464976228568,0.0021390701432747825,-4.607263926383565,0.07780428545077973,0.00040695365621433444,0.9969685278338493,-1.2426763604506945
0.9961548841817622,0.03396087177083647,-0.08075925043163934,12.552446661808716,-0.03388808658807867,0.9994231061474026,0.0022720434816100796,-4.792375341480048,0.08078981267096645,0.0004734696878653036,0.9967310551835837,-1.2716047847612444
0.9958650006329555,0.03521661494462376,-0.0837415559628628,13.015863991153708,-0.0351383461271527,0.9993795743478887,0.0024087549074781256,-4.978071045787621,0.08377442700837048,0.0005437452708589655,0.9964845578768308,-1.2991386279444939
0.9955646004154275,0.036472141013503954,-0.0867229609534074,13.479127448342922,-0.03638818593936985,0.9993344933642133,0.002549212460181863,-5.164350087008602,0.08675821751146272,0.0006177856448132124,0.9962292104796505,-1.3252778877517883
