-0.14050890505313873,0.018525050953030586,-0.9899060726165771,-172.69248962402344,-0.990079402923584,-0.0026290016248822212,0.1404843032360077,13.238749504089355,1.4224218247704812e-08,0.9998249411582947,0.0187106691300869,51.496864318847656
-0.14020280539989471,0.020422060042619705,-0.9899121522903442,-172.21043395996094,-0.9901182055473328,0.0001644693111302331,0.14023537933826447,13.119485855102539,0.0030267052352428436,0.9997914433479309,0.020197194069623947,51.55513000488281
-0.13989080488681793,0.022318018600344658,-0.9899153709411621,-171.7282257080078,-0.9901484251022339,0.0029584309086203575,0.13999043405056,13.000532150268555,0.006052905693650246,0.999746561050415,0.021684294566512108,51.61281204223633
-0.13957315683364868,0.024213116616010666,-0.989915668964386,-171.24588012695312,-0.9901701211929321,0.005752819124609232,0.13974975049495697,12.881885528564453,0.009078582748770714,0.9996902942657471,0.02317216619849205,51.6699104309082
-0.1392497569322586,0.02610730566084385,-0.9899131059646606,-170.7633819580078,-0.9901832938194275,0.008547605946660042,0.13951319456100464,12.763545989990234,0.012103701010346413,0.9996225833892822,0.024660766124725342,51.72642517089844
-0.1389205902814865,0.028000416234135628,-0.9899076223373413,-170.28074645996094,-0.99018794298172,0.011342781595885754,0.1392807811498642,12.64551067352295,0.015128225088119507,0.9995435476303101,0.02614993043243885,51.782352447509766
-0.13858570158481598,0.02989252097904682,-0.989899218082428,-169.7979736328125,-0.9901840686798096,0.0141382971778512,0.13905252516269684,12.527778625488281,0.01815211959183216,0.9994531273841858,0.027639731764793396,51.83769226074219
-0.13824507594108582,0.031783685088157654,-0.9898878931999207,-169.31504821777344,-0.9901716709136963,0.0169341079890728,0.13882842659950256,12.410347938537598,0.02117534726858139,0.9993513226509094,0.029130248352885246,51.8924446105957
-0.13789872825145721,0.03367374837398529,-0.9898737668991089,-168.8319854736328,-0.9901506900787354,0.019730204716324806,0.13860848546028137,12.293216705322266,0.024197878316044807,0.999238133430481,0.03062131442129612,51.94660949707031
-0.13754665851593018,0.035562656819820404,-0.9898566603660583,-168.34878540039062,-0.9901211857795715,0.022526560351252556,0.13839273154735565,12.176383972167969,0.027219679206609726,0.9991135597229004,0.032112885266542435,52.00018310546875
-0.13718891143798828,0.037450481206178665,-0.9898366928100586,-167.86544799804688,-0.9900831580162048,0.025323135778307915,0.1381811648607254,12.059847831726074,0.03024071827530861,0.9989776015281677,0.03360503911972046,52.053165435791016
-0.13682545721530914,0.039337173104286194,-0.9898138046264648,-167.38197326660156,-0.9900366067886353,0.02811988815665245,0.13797380030155182,11.94360637664795,0.033260952681303024,0.998830258846283,0.03509772568941116,52.105552673339844
-0.13645632565021515,0.04122268408536911,-0.9897880554199219,-166.89837646484375,-0.9899815320968628,0.030916787683963776,0.1377706229686737,11.827657699584961,0.03628034144639969,0.9986715316772461,0.036590903997421265,52.1573486328125
-0.1360815316438675,0.043107084929943085,-0.9897593855857849,-166.41464233398438,-0.9899178743362427,0.03371380269527435,0.13757167756557465,11.712000846862793,0.03929886594414711,0.9985014796257019,0.03808464854955673,52.20854949951172
-0.13570085167884827,0.04499031975865364,-0.989727795124054,-165.93077087402344,-0.9898457527160645,0.03651091083884239,0.13737671077251434,11.596633911132812,0.042316485196352005,0.9983199834823608,0.039578914642333984,52.2591552734375
-0.13531452417373657,0.0468723438680172,-0.9896933436393738,-165.44677734375,-0.9897650480270386,0.03930806741118431,0.1371859759092331,11.481555938720703,0.04533316195011139,0.9981271624565125,0.04107365384697914,52.30916213989258
-0.1349225640296936,0.04875311255455017,-0.9896560311317444,-164.962646484375,-0.9896758198738098,0.04210525006055832,0.1369994878768921,11.366765022277832,0.048348866403102875,0.997922956943512,0.04256882891058922,52.35857391357422
-0.1345248818397522,0.05063256621360779,-0.989615797996521,-164.4783935546875,-0.989578127861023,0.04490242898464203,0.13681714236736298,11.252259254455566,0.05136355385184288,0.9977074265480042,0.04406438767910004,52.407386779785156
-0.1341215819120407,0.05251079052686691,-0.9895726442337036,-163.99400329589844,-0.9894718527793884,0.04769955575466156,0.1366390436887741,11.138036727905273,0.054377198219299316,0.9974805116653442,0.045560408383607864,52.455596923828125
-0.1337125599384308,0.05438772216439247,-0.989526629447937,-163.50949096679688,-0.989357054233551,0.05049661546945572,0.13646511733531952,11.024096488952637,0.057389773428440094,0.9972422122955322,0.04705684259533882,52.50320816040039
-0.13329774141311646,0.056263308972120285,-0.9894776940345764,-163.0248565673828,-0.9892337322235107,0.053293582051992416,0.13629522919654846,10.910436630249023,0.06040123105049133,0.9969925880432129,0.048553649336099625,52.55021667480469
-0.13287733495235443,0.05813751369714737,-0.9894258975982666,-162.54010009765625,-0.9891018867492676,0.05609041452407837,0.13612963259220123,10.7970552444458,0.06341154873371124,0.9967315793037415,0.05005078390240669,52.596622467041016
-0.13245128095149994,0.0600104033946991,-0.9893712401390076,-162.0552215576172,-0.9889615774154663,0.058887071907520294,0.13596823811531067,10.683950424194336,0.06642068177461624,0.9964592456817627,0.0515483133494854,52.642425537109375
-0.1320195496082306,0.06188192591071129,-0.9893136620521545,-161.57022094726562,-0.9888126850128174,0.061683520674705505,0.13581103086471558,10.571121215820312,0.06942859292030334,0.9961755871772766,0.053046200424432755,52.6876220703125
-0.13158206641674042,0.06375201791524887,-0.9892531633377075,-161.08509826660156,-0.9886552691459656,0.06447973847389221,0.1356579214334488,10.458565711975098,0.07243525236845016,0.9958805441856384,0.054544396698474884,52.73221206665039
-0.13113896548748016,0.06562065333127975,-0.9891898036003113,-160.599853515625,-0.9884893894195557,0.06727569550275803,0.13550902903079987,10.346282958984375,0.07544062286615372,0.9955741763114929,0.056042853742837906,52.77619552612305
-0.13069023191928864,0.06748788803815842,-0.9891235828399658,-160.114501953125,-0.9883149862289429,0.07007133960723877,0.13536436855793,10.234270095825195,0.07844466716051102,0.9952564239501953,0.05754164978861809,52.81957244873047
-0.13023591041564941,0.06935367733240128,-0.9890544414520264,-159.6290283203125,-0.9881320595741272,0.07286665588617325,0.13522395491600037,10.122526168823242,0.08144737035036087,0.9949274063110352,0.05904073640704155,52.86233901977539
-0.1297757774591446,0.07121796160936356,-0.9889824390411377,-159.14344787597656,-0.9879406094551086,0.07566162198781967,0.13508756458759308,10.011049270629883,0.0844486728310585,0.9945870041847229,0.06054007261991501,52.90449523925781
-0.12931017577648163,0.07308071106672287,-0.988907516002655,-158.65774536132812,-0.987740695476532,0.07845619320869446,0.1349555402994156,9.8998384475708,0.08744856715202332,0.9942352771759033,0.062039606273174286,52.946041107177734
