0.9999999447253767,-9.378890108990845e-09,-5.755125750961376e-10,2.842170943040401e-14,-9.378890108990845e-09,0.9999999513678225,-4.9875248896158464e-11,-3.552713678800501e-15,-5.755125750961376e-10,-4.9875248896158464e-11,1.0000000066056773,0.0
0.9999993742709605,0.00012130046195443778,0.0010726736850556716,0.468827029233978,-0.00012046003320398402,0.999999646816221,-0.000793177247532906,0.17346437479438848,-0.0010727707268705922,0.0007930476345291877,0.9999991286522504,-0.010509670322399245
0.9999976556277095,0.00024345454145752177,0.0021452838430912015,0.9376694118792273,-0.0002400498355321079,0.999998679778528,-0.0015864831379429527,0.3468808502380938,-0.002145668428745008,0.0015859643521067765,0.9999964634460172,-0.02138590302387655
0.9999947277689485,0.000366429706190996,0.0032178258940377645,1.4065119805675579,-0.00035877240751938655,0.9999971071743298,-0.002379916011371029,0.52024822655045,-0.003218688813136715,0.002378748977112863,0.9999920110619192,-0.03262459889596414
0.999990654056407,0.0004902426846650487,0.004290177422437171,1.8753697686909447,-0.00047663412750717504,0.9999948109769642,-0.003173474798014103,0.6935686477254173,-0.00429171197266668,0.0031714002067985136,0.9999857737908471,-0.044229854639986854
0.9999854281425319,0.0006148767058941629,0.005362455759857266,2.3442275375052475,-0.0005936054888426578,0.9999919092130931,-0.0039671578794184086,0.8668409139819175,-0.005364853292769679,0.003963917074211287,0.9999777494370501,-0.05620138507695316
0.9999789952807829,0.0007403464814202676,0.00643465601661759,2.8131003917783914,-0.0007097243731689906,0.999988403976461,-0.004760963936044544,1.0400671693143266,-0.006438108022968576,0.004756297208195481,0.9999679380920338,-0.06853947287872586
0.9999714124330592,0.0008666455991544197,0.007506777960828728,3.2819731641421868,-0.0008249676521751015,0.999984234159992,-0.005554890101974264,1.2132462139419857,-0.00751147443479773,0.005548538865782798,0.9999563993752189,-0.08124001883683718
0.9999626964160887,0.0009939004124701056,0.008578814553201156,3.7508610219649086,-0.00093945335252274,0.999979357500311,-0.006348934396118422,1.3863792476455536,-0.00858494911701091,0.006340638285164041,0.9999430738032574,-0.0943071221597549
0.9999527737800494,0.0011219825717186938,0.009650643689894364,4.219748726502303,-0.0010530718225142677,0.9999739363811997,-0.00714309917648674,1.5594650706439488,-0.009658407738970164,0.007132599265493589,0.9999279040461277,-0.10774049766848037
0.9999417034256713,0.0012508875913832262,0.010722384411675764,4.688651248546137,-0.0011658294405172687,0.9999677895751753,-0.007937379150686697,1.7325067711448483,-0.010731968770138281,0.007924416301819809,0.9999110071062551,-0.12154042552773348
0.9999294812359011,0.0013806282607900788,0.011794031124522236,5.157553483328485,-0.001277696699865799,0.9999610392963891,-0.008731775895103308,1.9055022051538764,-0.011805628407529127,0.008716091017760219,0.9998923234732454,-0.1357066230656585
0.9999160503708201,0.0015112129011744524,0.012865581000284565,5.626470535617301,-0.0013886967288702923,0.9999536265315099,-0.009526286048550959,2.078453516665409,-0.012879381861491575,0.009507620463140243,0.9998718532000241,-0.15023937295412537
0.9999014887348218,0.0016427299821845376,0.013937030089602995,6.09538737202061,-0.0014989539325473145,0.9999455638430043,-0.010320908290299179,2.251358561685489,-0.013953227329720118,0.010299001119360357,0.9998495963605002,-0.16513457849178792
0.9998857776769018,0.0017750678750581006,0.015008257171997497,6.564303787186191,-0.0016083207775557107,0.999936895587992,-0.011115642112432891,2.424218284426992,-0.015027042438575326,0.01109023507544371,0.9998256148382826,-0.18039605120098656
0.9998688602200199,0.0019082496343545141,0.016079376758783376,7.033234885882024,-0.0017168351455517095,0.999927564846886,-0.01191048505426521,2.597034828884297,-0.016100941626000974,0.011881318174009448,0.999799787260236,-0.1960240737535912
0.9998507933304317,0.0020422604744722572,0.017150386906580842,7.502165429363998,-0.001824473908224239,0.9999175695259416,-0.012705433787318724,2.7698069952763262,-0.017174922930741535,0.012672248828785232,0.9997721732778101,-0.21201836097058901
0.9998315749773827,0.002177092074176129,0.018221284744019295,7.971095417632029,-0.0019312223122400773,0.9999069686384902,-0.013500491699417173,2.942534783603076,-0.01824898296726843,0.01346302998994564,0.9997428325598217,-0.2283789128519942
0.9998112138690748,0.0023127527721271135,0.019291828072432154,8.440024850686171,-0.0020371098642382734,0.9998957031712002,-0.014295658206112002,3.1152181938645462,-0.019322880207128162,0.014253659638475635,0.9997117100237112,-0.24510572939779252
0.9997896445096649,0.002449234072832235,0.020362252012859454,8.908968699318166,-0.0021421301858899067,0.9998838321374025,-0.015090924390969164,3.2878603142684177,-0.020396848595644487,0.015044131412954409,0.9996788012694067,-0.2621990907727252
0.9997669427128911,0.0025866707815935253,0.0214325500493562,9.377911858760058,-0.002246392928878793,0.9998712542603909,-0.0158862919612327,3.460459000820304,-0.021470886145844227,0.015834445585094725,0.9996440468037672,-0.2796587143049152
0.9997430306919841,0.0027249428264330966,0.022502724594917783,9.846854329011848,-0.002349773688187645,0.9998580729106158,-0.01668176387124271,3.6330142535202157,-0.022544988374706004,0.01662460067597754,0.9996076254268798,-0.2974845999943767
0.9997179716976902,0.0028640290096605125,0.02357276841336034,10.315795976097348,-0.002452293595503613,0.9998442248872565,-0.017477328444726166,3.80552701658144,-0.02361915320570638,0.017414593356362223,0.9995693584289178,-0.31567674533396684
0.9996917659281214,0.003003935778216227,0.024642560626237348,10.784736800016532,-0.002553937897480457,0.9998297712973893,-0.01827299359110868,3.9779972900039837,-0.024693258152192067,0.018204427231536147,0.9995293076870907,-0.33423515032369266
0.9996644068942464,0.0031446862563627997,0.025712337885088254,11.253676666793211,-0.002654691840811213,0.9998146552214273,-0.01906875974155233,4.150426018001141,-0.02576753805998263,0.018994101868756608,0.9994875283877671,-0.35315981245640415
0.9996358420713118,0.0032862508380456235,0.026781974446158152,11.722615576427387,-0.0027545933071260464,0.999798872471881,-0.019864618089412017,4.3228132005729165,-0.02684186945575979,0.01978361223315986,0.9994439036539606,-0.3724507317321155
0.9996061853308384,0.0034286443785693232,0.02785147059038981,12.191568633687012,-0.002853596039803008,0.9997824251424956,-0.020660576436632865,4.495160981713685,-0.027916251676070876,0.02057296363565639,0.9993985527105769,-0.39210819082268245
0.9995753229319989,0.0035718730809135013,0.028920820866734115,12.660520733804134,-0.0029517462954632423,0.9997653743403456,-0.021456624110798947,4.667467217429067,-0.028990678400672022,0.021362146645300034,0.9993514160445449,-0.41213190705624214
0.9995432529533881,0.003715907513281408,0.029989904316275018,13.129471742802536,-0.003049014567427899,0.9997477158779425,-0.02225276699315532,4.839732851932361,-0.03006502850047526,0.02215116553882243,0.9993024959194984,-0.4325218779256659
0.9995100488645385,0.0038608970051898783,0.031058951793782152,13.598421526706062,-0.003145525260739662,0.9997293505723235,-0.023048994891520257,5.0119588294368675,-0.031139537153277594,0.022940008206815604,0.9992517880152048,-0.4532781009238107
