0.999999989804704,3.143105442582339e-09,-8.08415339878521e-11,0.0,3.143105442582339e-09,1.0000000587952331,2.1396221946967664e-10,-1.7763568394002505e-15,-8.08415339878521e-11,2.1396221946967664e-10,0.9999999718768046,0.0
0.9999995226753722,0.00022700681604964634,-0.0009413827509645156,0.48584796191454416,-0.00022410806084303958,0.9999952937561978,0.0030724968374793928,-0.11367368099150532,0.0009420748096218498,-0.0030722840205912455,0.99999481947595,-0.03204283081185366
0.9999981106927284,0.0004568585358026428,-0.0018820021317344088,0.971710357773361,-0.00044528242541153756,0.9999810633308605,0.00614517623539681,-0.22755443193327984,0.001884775650710554,-0.006144326161850511,0.9999793193997045,-0.06327553109804285
0.9999957501316635,0.0006895573972061989,-0.0028219558094532103,1.457572235319617,-0.0006635162306786249,0.999957307800526,0.009218005048444873,-0.3416395286492975,0.0028281917719778496,-0.00921609380220681,0.9999535270220149,-0.0937025762821122
0.9999924956011894,0.0009252204453362722,-0.003761213160975871,1.9434335806095646,-0.0008789242755198878,0.999924080480919,0.012290949591625541,-0.4559261142461395,0.0037722994709138424,-0.012287550802012492,0.9999173840263889,-0.1233201485985802
0.9999882939818665,0.0011638389187609635,-0.0046996230662975855,2.4292944959920533,-0.0010915070783740904,0.9998813817722282,0.015363978411669633,-0.5704122841284427,0.00471694725788973,-0.01535866724907739,0.9998708970534731,-0.15212824355013055
0.9999831429846606,0.001405288584175421,-0.005637402321520248,2.915155134990414,-0.0013011307223588162,0.9998292182775269,0.01843705920490968,-0.6850951814031596,0.005662351307649324,-0.018429412245936708,0.999814116238796,-0.18012685439077813
0.9999770427180912,0.0016496837346279061,-0.006574401056217635,3.4010156255407082,-0.0015079179646119226,0.9997675240752365,0.021510157928229173,-0.799972425326084,0.006608358740678642,-0.02149974814247596,0.9997469885059309,-0.20731597549889358
0.9999699960901121,0.0018969073377407414,-0.007510709161670098,3.886876095579055,-0.001711738608175646,0.9996963650869417,0.024583245704558027,-0.9150416351530097,0.00755506290687968,-0.024569650250355957,0.9996695695669648,-0.23369560125281907
0.9999620094425048,0.0021469399396988192,-0.00844618761658028,4.372736505574437,-0.0019125963729771794,0.9996156825944125,0.027656294670928047,-1.0303004301393628,0.008502314929519538,-0.027639087728902667,0.9995818058687294,-0.2592619150114075
0.9999531438174444,0.0023997910267626807,-0.00938080085688571,4.858597176517264,-0.0021104833007686077,0.9995255357160705,0.03072927306710639,-1.1457459533924634,0.009450095117653221,-0.03070803405907184,0.9994836989740133,-0.2840187210481844
0.9999432637374109,0.0026556855776485727,-0.01031463937356715,5.344458043289308,-0.0023056310629854873,0.999425912246245,0.03380214085628453,-1.261376300316579,0.010398483282394948,-0.033776440201361224,0.999375304568553,-0.307962203846337
0.999932497465964,0.002914380641035774,-0.011247798973538267,5.830304037341165,-0.002497793108523383,0.9993168251909856,0.036874869761659976,-1.3771877944376314,0.011347582011003419,-0.03684428513622123,0.9992565587801583,-0.33109302556123765
0.999920791883664,0.003175871464872554,-0.012180134819818458,6.3161505086816305,-0.0026869699558210794,0.9991982150316907,0.03994742946004052,-1.4931788745924433,0.01229723981384983,-0.039911533648055136,0.9991275276355458,-0.35341051166988535
0.9999081426652853,0.0034402678762311123,-0.013111614506062047,6.801997585246795,-0.002873269482353634,0.99907013548427,0.043019784771414306,-1.60934716003681,0.013247422940914756,-0.04297815480855685,0.9989881528965824,-0.3749146565506365
0.9998945505104089,0.0037075653683728005,-0.014042210659368976,7.287830005432966,-0.00305669540803586,0.9989325270301215,0.04609190423569378,-1.7256894504451274,0.014198110914071378,-0.04604411898467774,0.998838495428278,-0.39560231246370137
0.9998800185723016,0.003977642347585325,-0.014972018886752772,7.773663119248965,-0.003237117535910529,0.9987855155096217,0.04916376329598929,-1.8422041846542196,0.015149391500673598,-0.04910939423075196,0.9986784913672265,-0.41547280488607896
0.9998645422804248,0.004250606314844918,-0.01590100664062412,8.259482000025173,-0.0034146437434521906,0.9986289756826796,0.05223532275224809,-1.958888162339214,0.016101236533250088,-0.05217394599178625,0.9985082018058294,-0.4345306081169653
0.9998481228613437,0.004526455089508899,-0.01682914297300024,8.74528663381787,-0.0035892740306635307,0.9984630269866939,0.05530655496433049,-2.0757385266067008,0.017053618099060388,-0.05523774826141915,0.9983275684418682,-0.4527719043908931
0.9998307728901028,0.004805058000582493,-0.01775629419587961,9.23109237063585,-0.003760893080261063,0.9982875569875277,0.05837743020932335,-2.1927537162935007,0.01800639132415268,-0.058300769492843546,0.9981366568121414,-0.4701960191848613
0.9998125375539364,0.00508652473889383,-0.01868265765638838,9.716884090755286,-0.003929600811446644,0.9981025596823944,0.06144790329345895,-2.309931007223218,0.018959765147322803,-0.06136296384819362,0.9979353985824941,-0.48680361690290397
0.9997933040268698,0.005370857494294806,-0.01960809143427175,10.202661805819588,-0.004095394541170104,0.9979081543085982,0.0645179589732894,-2.4272670663535987,0.019913591048594137,-0.06442432004459683,0.9977238596514724,-0.5025908786552193
0.9997731881877088,0.005658043346141728,-0.020532685062100653,10.68842578564471,-0.004258265792748531,0.9977042817477251,0.06758756103195972,-2.544759989089643,0.020867961748813866,-0.06748478644542417,0.997502036084763,-0.5175616109639876
0.9997520725404754,0.005948077433313853,-0.021456408991193276,11.174176016286879,-0.004418204443294993,0.9974909421998707,0.07065665578994049,-2.662406918537936,0.02182284411823356,-0.07054433716209055,0.997269869518661,-0.5317119960637342
0.9997300773523078,0.006240947298495669,-0.022379237965774817,11.659912767562048,-0.004575213175875975,0.9972681362653169,0.07372524174653974,-2.780205950103481,0.02277821733953775,-0.07360294291092412,0.997027420725141,-0.5450458404766323
0.9997070901243154,0.0065366482441084894,-0.023301025331792347,12.145636025526471,-0.004729289307442035,0.9970358641441587,0.07679327369890825,-2.8981542268928635,0.023733925449352374,-0.07666058152503852,0.9967746961486041,-0.5575593264372216
0.9996832264082199,0.006835170547910829,-0.02422186135099824,12.631345943703423,-0.004880424361309539,0.9967941262365875,0.07986071920012713,-3.016248892013035,0.02469006861192206,-0.07971720122726356,0.9965116918226953,-0.5692524471995171
0.9996584300959662,0.0071363872006383056,-0.025141844817451076,13.11704262444178,-0.00502848121912005,0.9965429293457674,0.08292754640355086,-3.1344880408686304,0.025646731990488645,-0.08277279268320811,0.996238343743961,-0.5801251982662023
0.9996326351927349,0.007440531349599128,-0.026060815587973685,13.60272617009042,-0.00517369847373278,0.9962822608658399,0.0859937464050513,-3.2528697688642865,0.026603765394107977,-0.08582732327440222,0.9959547782738772,-0.5901775751399612
0.9996059574955607,0.007747589038301306,-0.026978859361092206,14.08838156327431,-0.005316067648464644,0.9960121811157875,0.08905925694837223,-3.371389447228239,0.027561263404476607,-0.0888807414097465,0.9956608723222852,-0.5994102377275112
