0.05371197685599327,-0.043837107717990875,-0.9975937604904175,-173.30751037597656,-0.9985564947128296,-0.0023580954875797033,-0.05366018787026405,-2.2928154468536377,-1.1395148646897724e-07,0.9990358948707581,-0.04390048608183861,46.48796844482422
0.0551091805100441,-0.04375813528895378,-0.9975210428237915,-172.80908203125,-0.9984803199768066,-0.002532006474211812,-0.055051106959581375,-2.325794219970703,-0.00011679604358505458,0.9990389347076416,-0.043831173330545425,46.466068267822266
0.05650627613067627,-0.04367899149656296,-0.9974463582038879,-172.31060791015625,-0.9984022378921509,-0.002705811755731702,-0.05644194036722183,-2.3580729961395264,-0.00023357510508503765,0.9990419745445251,-0.043762098997831345,46.44412612915039
0.057903263717889786,-0.04359956085681915,-0.9973697066307068,-171.8120880126953,-0.9983221292495728,-0.002879504347220063,-0.05783268064260483,-2.3896517753601074,-0.00035045083495788276,0.9990449547767639,-0.043693140149116516,46.422142028808594
0.05930013209581375,-0.043519843369722366,-0.997291088104248,-171.3135223388672,-0.9982401132583618,-0.003053083783015609,-0.05922333151102066,-2.4205305576324463,-0.0004674231167882681,0.9990478754043579,-0.04362430050969124,46.40011978149414
0.06069688871502876,-0.04343995824456215,-0.9972105622291565,-170.81492614746094,-0.9981560707092285,-0.003226556582376361,-0.06061388552188873,-2.450709104537964,-0.0005844915867783129,0.9990508556365967,-0.04355569928884506,46.378055572509766
0.062093522399663925,-0.04335978254675865,-0.9971280097961426,-170.3162841796875,-0.9980700612068176,-0.0033999152947217226,-0.06200433894991875,-2.48018741607666,-0.0007016560412012041,0.9990537166595459,-0.04348721355199814,46.35594940185547
0.06349003314971924,-0.043279439210891724,-0.9970436096191406,-169.81761169433594,-0.9979821443557739,-0.0035731669049710035,-0.063394695520401,-2.508965492248535,-0.0008189162472262979,0.9990566372871399,-0.043418969959020615,46.33380126953125
0.0648864209651947,-0.043198809027671814,-0.9969571828842163,-169.3188934326172,-0.9978922009468079,-0.003746303729712963,-0.0647849440574646,-2.537043333053589,-0.0009362719138152897,0.9990594983100891,-0.04335084185004234,46.311614990234375
0.06628267467021942,-0.04311789199709892,-0.9968688488006592,-168.8201446533203,-0.997800350189209,-0.003919325303286314,-0.06617508828639984,-2.564420700073242,-0.0010537229245528579,0.9990622997283936,-0.043282829225063324,46.28938674926758
0.06767868250608444,-0.0430368073284626,-0.9967785477638245,-168.32135009765625,-0.9977064728736877,-0.0040922341868281364,-0.06756500154733658,-2.591097593307495,-0.0011712691048160195,0.999065101146698,-0.043215058743953705,46.26711654663086
0.06907467544078827,-0.0429554358124733,-0.9966862797737122,-167.82252502441406,-0.9976106882095337,-0.004265031777322292,-0.06895492225885391,-2.6170740127563477,-0.0012889100471511483,0.9990679025650024,-0.04314740374684334,46.244808197021484
0.07047053426504135,-0.042873773723840714,-0.9965920448303223,-167.32366943359375,-0.9975128769874573,-0.004437712952494621,-0.07034473121166229,-2.6423497200012207,-0.0014066455187276006,0.9990706443786621,-0.04307986795902252,46.22245788574219
0.07186625152826309,-0.0427919439971447,-0.9964959025382996,-166.8247833251953,-0.9974130988121033,-0.0046102856285870075,-0.07173442095518112,-2.6669249534606934,-0.0015244754031300545,0.9990733861923218,-0.04301257058978081,46.20006561279297
0.0732618197798729,-0.0427098274230957,-0.9963977932929993,-166.3258514404297,-0.9973114132881165,-0.004782740958034992,-0.0731239840388298,-2.6907994747161865,-0.0016423995839431882,0.9990760684013367,-0.042945392429828644,46.177635192871094
0.07465725392103195,-0.042627543210983276,-0.9962977170944214,-165.82688903808594,-0.9972077012062073,-0.004955087322741747,-0.07451342791318893,-2.7139732837677,-0.0017604175955057144,0.9990787506103516,-0.04287844896316528,46.1551628112793
0.07605253159999847,-0.04254497215151787,-0.9961957335472107,-165.32789611816406,-0.9971020221710205,-0.005127315409481525,-0.07590275257825851,-2.7364461421966553,-0.0018785292049869895,0.9990813732147217,-0.04281162470579147,46.132652282714844
0.07744766771793365,-0.04246211424469948,-0.9960917830467224,-164.82887268066406,-0.9969944357872009,-0.0052994247525930405,-0.07729193568229675,-2.758218288421631,-0.0019967344123870134,0.9990839958190918,-0.042744919657707214,46.11009979248047
0.0788426399230957,-0.04237908869981766,-0.9959858655929565,-164.329833984375,-0.996884822845459,-0.005471424665302038,-0.07868099212646484,-2.779289484024048,-0.002115032635629177,0.9990866184234619,-0.04267844930291176,46.08750915527344
0.08023746311664581,-0.04229577258229256,-0.9958780407905579,-163.8307647705078,-0.9967733025550842,-0.0056433044373989105,-0.08006992191076279,-2.7996597290039062,-0.0022334237582981586,0.9990891814231873,-0.04261210188269615,46.064876556396484
0.08163212239742279,-0.04221217334270477,-0.9957681894302368,-163.3316650390625,-0.9966597557067871,-0.0058150640688836575,-0.08145870268344879,-2.819329023361206,-0.002351907314732671,0.9990917444229126,-0.0425458699464798,46.042205810546875
0.08302650600671768,-0.04212840273976326,-0.9956564903259277,-162.83253479003906,-0.9965443015098572,-0.005986708682030439,-0.0828472301363945,-2.8382973670959473,-0.002470483770594001,0.9990942478179932,-0.042479876428842545,46.019493103027344
0.08442072570323944,-0.042044349014759064,-0.9955427646636963,-162.33338928222656,-0.9964268207550049,-0.006158232223242521,-0.08423561602830887,-2.85656476020813,-0.0025891524273902178,0.9990967512130737,-0.042413998395204544,45.996742248535156
0.08581477403640747,-0.04196012392640114,-0.995427131652832,-161.83421325683594,-0.9963074326515198,-0.006329644937068224,-0.0856238529086113,-2.874130964279175,-0.002707913052290678,0.9990992546081543,-0.042348358780145645,45.97394943237305
0.08720865100622177,-0.04187561199069023,-0.9953095316886902,-161.33502197265625,-0.9961860775947571,-0.006500936578959227,-0.08701194077730179,-2.890995979309082,-0.002826765878126025,0.9991016983985901,-0.042282842099666595,45.95111846923828
0.08860236406326294,-0.04179081693291664,-0.9951900243759155,-160.83580017089844,-0.996062695980072,-0.006672105751931667,-0.08839987963438034,-2.9071600437164307,-0.0029457099735736847,0.9991040825843811,-0.0422174371778965,45.928245544433594
0.08999589085578918,-0.04170585051178932,-0.9950685501098633,-160.33656311035156,-0.9959374070167542,-0.006843164097517729,-0.08978766202926636,-2.9226229190826416,-0.0030647460371255875,0.9991065263748169,-0.042152274399995804,45.90533447265625
0.0913892462849617,-0.04162060096859932,-0.9949451088905334,-159.83731079101562,-0.9958101511001587,-0.007014098577201366,-0.09117528796195984,-2.937384605407715,-0.0031838726717978716,0.9991088509559631,-0.04208722710609436,45.88238525390625
0.0927824154496193,-0.04153518006205559,-0.994819700717926,-159.33804321289062,-0.9956809282302856,-0.00718492129817605,-0.09256275743246078,-2.9514448642730713,-0.0033030903432518244,0.9991112351417542,-0.04202242195606232,45.85939407348633
0.09417540580034256,-0.041449472308158875,-0.9946923851966858,-158.8387451171875,-0.995549738407135,-0.00735562015324831,-0.0939500629901886,-2.96480393409729,-0.0034223985858261585,0.9991135001182556,-0.04195772856473923,45.83636474609375
