-0.14050890505313873,0.018525050953030586,-0.9899060726165771,-172.69248962402344,-0.990079402923584,-0.0026290016248822212,0.1404843032360077,13.238749504089355,1.4224218247704812e-08,0.9998249411582947,0.0187106691300869,51.496864318847656
-0.14338669180870056,0.01687849499285221,-0.9895228147506714,-172.19798278808594,-0.9896655678749084,-0.003965205978602171,0.14333975315093994,13.28600025177002,-0.001504302490502596,0.9998496770858765,0.017272623255848885,51.44007873535156
-0.1462608128786087,0.015228057280182838,-0.989128828048706,-171.7032470703125,-0.9892414808273315,-0.005296650342643261,0.1461959183216095,13.331884384155273,-0.0030127898789942265,0.9998700022697449,0.01583891734480858,51.38416290283203
-0.14913110435009003,0.013573754578828812,-0.9887242913246155,-171.20828247070312,-0.9888070821762085,-0.006623315624892712,0.1490526646375656,13.3764009475708,-0.0045254286378622055,0.9998859167098999,0.014409567229449749,51.3291130065918
-0.15199773013591766,0.011915602721273899,-0.9883090257644653,-170.71310424804688,-0.9883623719215393,-0.007945187389850616,0.15191015601158142,13.419548034667969,-0.006042199209332466,0.9998974204063416,0.012984584085643291,51.274932861328125
-0.15486057102680206,0.010253616608679295,-0.9878831505775452,-170.21771240234375,-0.9879074096679688,-0.00926224421709776,0.1547682285308838,13.461323738098145,-0.0075630806386470795,0.9999045133590698,0.011563980020582676,51.22161865234375
-0.15771955251693726,0.00858769565820694,-0.9874466061592102,-169.7221221923828,-0.987442135810852,-0.01057445164769888,0.15762686729431152,13.501726150512695,-0.009088055230677128,0.9999071955680847,0.01014764979481697,51.169166564941406
-0.1605747491121292,0.006917970720678568,-0.9869994521141052,-169.226318359375,-0.9869665503501892,-0.011881810612976551,0.1604861319065094,13.540753364562988,-0.01061710249632597,0.9999054670333862,0.008735724724829197,51.117576599121094
-0.16342590749263763,0.005244461819529533,-0.9865416884422302,-168.73033142089844,-0.9864807724952698,-0.013184303417801857,0.16334572434425354,13.578404426574707,-0.012150204740464687,0.9998993277549744,0.0073282173834741116,51.06684875488281
-0.16627319157123566,0.003567182458937168,-0.9860732555389404,-168.23414611816406,-0.985984742641449,-0.01448191236704588,0.16620586812496185,13.614677429199219,-0.01368733961135149,0.9998887777328491,0.005925141274929047,51.0169792175293
-0.1691165566444397,0.001886265934444964,-0.9855942726135254,-167.73777770996094,-0.985478401184082,-0.015774639323353767,0.16906648874282837,13.64957046508789,-0.01522848941385746,0.9998738169670105,0.004526627250015736,50.96796798706055
-0.17195574939250946,0.00020161464635748416,-0.9851046800613403,-167.24122619628906,-0.9849618673324585,-0.01706244982779026,0.1719273328781128,13.68308162689209,-0.016773635521531105,0.9998543858528137,0.0031325689051300287,50.91981506347656
-0.17479093372821808,-0.0014868752332404256,-0.9846044182777405,-166.7445068359375,-0.9844350814819336,-0.01834530010819435,0.17478856444358826,13.7152099609375,-0.01832275465130806,0.9998306035995483,0.0017428601859137416,50.87251663208008
-0.17762207984924316,-0.003178953193128109,-0.9840936660766602,-166.24761962890625,-0.9838980436325073,-0.019623223692178726,0.17765016853809357,13.745953559875488,-0.01987583003938198,0.9998024106025696,0.0003577518800739199,50.826072692871094
-0.18044914305210114,-0.004874601494520903,-0.983572244644165,-165.7505645751953,-0.9833507537841797,-0.020896192640066147,0.18051207065582275,13.775310516357422,-0.021432839334011078,0.9997697472572327,-0.0010227434104308486,50.780479431152344
-0.18327194452285767,-0.006573919672518969,-0.9830402731895447,-165.25335693359375,-0.9827933311462402,-0.022164175286889076,0.18337412178516388,13.803279876708984,-0.02299376390874386,0.9997327327728271,-0.002398732351139188,50.73573684692383
-0.18609057366847992,-0.008276890031993389,-0.9824977517127991,-164.75599670410156,-0.9822255969047546,-0.023427145555615425,0.1862363964319229,13.829859733581543,-0.024558575823903084,0.9996913075447083,-0.003770202398300171,50.69184494018555
-0.18890498578548431,-0.009983383119106293,-0.9819446206092834,-164.25848388671875,-0.9816477298736572,-0.024685129523277283,0.18909884989261627,13.855049133300781,-0.026127276942133904,0.9996454119682312,-0.005137021653354168,50.648799896240234
-0.19171525537967682,-0.01169349905103445,-0.9813809394836426,-163.76083374023438,-0.9810596108436584,-0.025938065722584724,0.19196154177188873,13.87884521484375,-0.027699826285243034,0.9995951652526855,-0.006499296985566616,50.60660171508789
-0.19452108442783356,-0.013407216407358646,-0.9808067083358765,-163.26304626464844,-0.9804613590240479,-0.0271859560161829,0.19482421875,13.90124797821045,-0.02927621826529503,0.9995405077934265,-0.00785701535642147,50.56524658203125
-0.19732257723808289,-0.015124401077628136,-0.9802219271659851,-162.76513671875,-0.9798529148101807,-0.028428789228200912,0.19768692553043365,13.922255516052246,-0.0308564193546772,0.9994813799858093,-0.009210046380758286,50.52473449707031
-0.2001197636127472,-0.016845040023326874,-0.9796265959739685,-162.26710510253906,-0.9792342185974121,-0.02966655232012272,0.20054973661899567,13.941865921020508,-0.032440412789583206,0.9994179010391235,-0.010558376088738441,50.48506546020508
-0.20291252434253693,-0.018569231033325195,-0.9790207743644714,-161.76895141601562,-0.9786054491996765,-0.03089921548962593,0.2034125030040741,13.960078239440918,-0.03402818739414215,0.9993500113487244,-0.01190211158245802,50.44623565673828
-0.20570078492164612,-0.020296834409236908,-0.9784044027328491,-161.2706756591797,-0.9779664874076843,-0.0321267731487751,0.20627516508102417,13.976890563964844,-0.03561970964074135,0.9992777109146118,-0.013241122476756573,50.40824508666992
-0.2084847390651703,-0.022027963772416115,-0.9777775406837463,-160.7722930908203,-0.9773173332214355,-0.033349186182022095,0.2091379314661026,13.992301940917969,-0.0372149683535099,0.9992009997367859,-0.014575514011085033,50.371089935302734
-0.2112640142440796,-0.023762468248605728,-0.9771401286125183,-160.2738037109375,-0.976658046245575,-0.03456646576523781,0.21200038492679596,14.00631046295166,-0.03881393373012543,0.9991198778152466,-0.01590515486896038,50.33477020263672
-0.21403877437114716,-0.025500455871224403,-0.9764922857284546,-159.7752227783203,-0.9759886860847473,-0.03577857464551926,0.21486271917819977,14.018915176391602,-0.040416598320007324,0.9990343451499939,-0.01723015308380127,50.29928207397461
-0.21680885553359985,-0.027241786941885948,-0.9758338928222656,-159.27655029296875,-0.9753091931343079,-0.03698551654815674,0.2177247852087021,14.030115127563477,-0.042022932320833206,0.9989444017410278,-0.01855037547647953,50.264625549316406
-0.21957434713840485,-0.02898644655942917,-0.975165069103241,-158.7777862548828,-0.9746195673942566,-0.03818726912140846,0.2205866277217865,14.039908409118652,-0.04363291338086128,0.9988501071929932,-0.019865812733769417,50.23080062866211
-0.22233520448207855,-0.030734417960047722,-0.9744857549667358,-158.27894592285156,-0.9739198088645935,-0.039383821189403534,0.22344821691513062,14.048294067382812,-0.04524652287364006,0.9987514019012451,-0.021176448091864586,50.19780349731445
