0.9999999611981782,-3.566910516950017e-09,-2.3339294386026666e-10,0.0,-3.566910516950017e-09,0.9999999764927527,4.4687237417406767e-11,3.552713678800501e-15,-2.3339294386026666e-10,4.4687237417406767e-11,1.0000000021245434,0.0
0.9999948110005179,-0.002878732708088555,0.0014426825986339903,0.4839398277437965,0.002880969743490308,0.9999946015794539,-0.001554304139452936,-0.11626460691796225,-0.0014382014759579675,0.0015584525347605849,0.9999977440722402,0.04773910063768483
0.9999792219487094,-0.005755195373603167,0.0028897941768913638,0.9682819413817185,0.00576415871080993,0.9999785613116672,-0.0031044409765833996,-0.23120831610400572,-0.002871866643248039,0.0031210340139996573,0.9999909916246799,0.09460076967490494
0.9999533525075753,-0.00862923803990126,0.0043413205889276385,1.4530265462655905,0.008649405430103063,0.9999517736448575,-0.004650389208532458,-0.34483018334488236,-0.004300982865511657,0.00468772230259748,0.9999797450422199,0.14058881863390837
0.9999170489043959,-0.011501023331171367,0.005797248190032134,1.9381587342044213,0.01153689731298016,0.9999142616102296,-0.006192132318404025,-0.4571261762181962,-0.005725536087224065,0.006258500882696222,0.9999640045802066,0.1856997111406571
0.999870406344533,-0.01437042525997445,0.007257565238687563,2.4236788445263358,0.01442645532281378,0.9998660674711478,-0.007729647004536388,-0.5680944062974085,-0.007145515980742478,0.007833346438147398,0.9999437704583708,0.22993725621019223
0.9998133617625066,-0.017237378777165357,0.008722376143395633,2.909572111791448,0.01731807308125602,0.9998071217455523,-0.009262913282631942,-0.677730841160237,-0.008561026623740475,0.009412240053396637,0.9999190407228172,0.27330554552740693
0.9997459849918531,-0.020101958019858618,0.010191551243297098,3.3958539087202553,0.020211801226652754,0.9997374349021725,-0.0107919136890683,-0.7860357363758261,-0.009971937983602935,0.010995162623157945,0.9998898178000127,0.31580429140803545
0.999668234400234,-0.02296389580935873,0.011665073202959564,3.882494159753122,0.02310734469234821,0.9996570893739914,-0.012316627890791807,-0.893003859739391,-0.011378236706172551,0.012582091449237581,0.999856102014372,0.3574340566845535
0.9995800826380102,-0.025823363195648208,0.01314293114040374,4.369508308986099,0.026004933153317283,0.9995660491788828,-0.013837036470762624,-0.9986354668201365,-0.012779908773084589,0.014173007376999808,0.99981789356954,0.39819836770216455
0.9994816396925919,-0.02868032463108186,0.014624992843889267,4.856881519603746,0.028904476092927428,0.999464249022278,-0.015353122543936483,-1.1029265251957199,-0.014176825368906187,0.015767892042979792,0.9997751949397204,0.4380975021162925
0.9993728089826491,-0.03153451295438989,0.016111358653644065,5.344614059558609,0.03180573107950635,0.9993517713371605,-0.016864865706856823,-1.2058751464395492,-0.015569091108457514,0.017366721817824254,0.9997279446320707,0.4771314549125023
0.9992535525480059,-0.03438609923298047,0.017602139729338967,5.832691029434557,0.034708868774699475,0.9992285801414034,-0.01837223721035698,-1.3074782423426363,-0.016956811354278865,0.018969476615737918,0.9996762597965174,0.5153043202829153
0.9991240499966881,-0.03723505427901577,0.019097082263049292,6.321112697184162,0.03761384930022035,0.9990946712475154,-0.019875235050377544,-1.4077339244783822,-0.018339738635927867,0.02057613912375955,0.9996200855677274,0.5526160932130963
0.9989841140885913,-0.040081334258461915,0.020596171504887684,6.809879402135465,0.040520624014354995,0.9989500383742594,-0.02137382907196149,-1.5066403044202517,-0.01971785684523889,0.022186686165925923,0.9995593626066486,0.5890705827180938
0.998833839900139,-0.04292474576379887,0.022099512664170706,7.298976173496783,0.04342902863381043,0.9987947744233476,-0.0228680019098463,-1.6041942939591962,-0.021091274445684205,0.023801095493107605,0.9994942081745619,0.6246680689605455
0.9986732381329294,-0.045765402942847366,0.023607090772553685,7.7884032792207165,0.04633913692525035,0.9986287149172624,-0.024357725259375584,-1.7003940046686274,-0.02245997909158466,0.025419341296889192,0.9994245629365034,0.6594085469260307
0.9985022459717352,-0.04860323638795527,0.025118772904239917,8.278160924659005,0.049250913003657915,0.9984520306147593,-0.025843006749463833,-1.7952384923352973,-0.023823837685766028,0.027041424141353326,0.9993503697649581,0.6932958281367974
0.9983209287934779,-0.05143833736663572,0.02663466903150563,8.76823440697251,0.05216440750738241,0.9982646139579059,-0.027323799589969923,-1.8887227803235689,-0.02518295833966512,0.028667304749105588,0.9992717458320736,0.7263301877410626
0.9981292512546694,-0.05427039422140967,0.028154756573232576,9.258623797536842,0.05507936962976642,0.9980665410984477,-0.02880010261529995,-1.980846868633499,-0.026537327351070394,0.030296971698891922,0.9991886319453506,0.7585154397682956
0.9979272220750413,-0.05709951920836781,0.029678903227462805,9.749314259536533,0.0579958436308064,0.997857767679275,-0.0302718859167409,-2.0716067248427485,-0.02788681447517201,0.03193039355798305,0.9991009709656001,0.7898518618739132
0.9977148519828746,-0.05992575051618915,0.031207100149482525,10.240306060924127,0.06091390327716606,0.9976382388745486,-0.03173913475310067,-2.161000460524722,-0.029231405940452773,0.03356755427429753,0.9990088822885044,0.8203394490435016
0.997492177043425,-0.06274894522743107,0.03273944721260402,10.731599407051476,0.06383339266053578,0.9974081149742953,-0.03320183335791995,-2.249027131466171,-0.03057120954268691,0.03520843999546061,0.9989123044299584,0.8499820127993161
0.9972591323197691,-0.06556904696270183,0.03427580691356369,11.223194565871097,0.06675426114256594,0.997167267483124,-0.03465995656983168,-2.3356848492405042,-0.03190609365865926,0.03685301613290648,0.9988112399631912,0.8787795481269285
0.9970158041531159,-0.06838624769085888,0.035816297221950455,11.715076637966831,0.06967670689493358,0.9969157236197309,-0.036113481626149364,-2.420970525638733,-0.03323616516202922,0.03850127510130269,0.9987056866805266,0.906736149218446
0.9967620773828655,-0.07120017082725777,0.03736076721638659,12.207245891291223,0.0726003251993024,0.9966534900538014,-0.03756239839269592,-2.5048822722342656,-0.03456129055821784,0.040153180045724046,0.9985956474062995,0.9338518110594478
0.9964980952075706,-0.07401097039603632,0.03890932907325739,12.69968742642817,0.07552529109903333,0.9963806488298711,-0.03900668516579677,-2.5874170008181103,-0.03588158057936704,0.04180872639668601,0.9984811200412472,0.9601306278420267
0.9962237211793095,-0.07681849307008343,0.04046184398093722,13.192401377353889,0.07845147381076345,0.9960971179034048,-0.040446326004917835,-2.6685737671769694,-0.03719689946955289,0.04346788147729158,0.9983621071830832,0.985572597058983
0.9959390797584763,-0.07962282777211488,0.04201830144398777,13.68538801202098,0.08137890084452418,0.9958029098368782,-0.04188129668631494,-2.7483506828842508,-0.038507240243063706,0.04513062459598047,0.9982386686433,1.0101777136958887
0.9956441080689747,-0.0824239305983942,0.043578685322607,14.178632431013227,0.08430755106863311,0.9954980183490539,-0.043311583789523586,-2.8267446597309664,-0.039812584956498365,0.04679693630142759,0.9981107451088561,1.033950071944851
