-0.14050890505313873,0.018525050953030586,-0.9899060726165771,-172.69248962402344,-0.990079402923584,-0.0026290016248822212,0.1404843032360077,13.238749504089355,1.4224218247704812e-08,0.9998249411582947,0.0187106691300869,51.496864318847656
-0.14080502092838287,0.0184674970805645,-0.9898650646209717,-172.2034454345703,-0.9900373220443726,-0.002927880035713315,0.1407748907804489,13.139020919799805,-0.0002984463353641331,0.9998251795768738,0.0186957698315382,51.526817321777344
-0.14110110700130463,0.018409881740808487,-0.9898239970207214,-171.71444702148438,-0.989995002746582,-0.003226745408028364,0.14106547832489014,13.039137840270996,-0.0005969112389720976,0.9998252987861633,0.018680987879633904,51.55677032470703
-0.14139717817306519,0.018352089449763298,-0.9897828102111816,-171.22547912597656,-0.989952564239502,-0.0035255809780210257,0.14135605096817017,12.939099311828613,-0.0008953805081546307,0.9998253583908081,0.018666204065084457,51.58672332763672
-0.14169321954250336,0.018294237554073334,-0.9897415637969971,-170.73654174804688,-0.9899098873138428,-0.0038244035094976425,0.1416466236114502,12.838906288146973,-0.0011938540264964104,0.9998253583908081,0.018651539459824562,51.61667251586914
-0.14198923110961914,0.018236326053738594,-0.989700198173523,-170.2476348876953,-0.989867091178894,-0.004123213235288858,0.14193719625473022,12.738557815551758,-0.0014923319686204195,0.9998251795768738,0.01863699033856392,51.64662170410156
-0.14228522777557373,0.01817835494875908,-0.989658772945404,-169.75875854492188,-0.9898240566253662,-0.00442200992256403,0.14222776889801025,12.638053894042969,-0.0017908141016960144,0.9998250007629395,0.018622560426592827,51.67656707763672
-0.14258117973804474,0.018120205029845238,-0.9896172285079956,-169.26991271972656,-0.9897809028625488,-0.004720776807516813,0.1425183266401291,12.537395477294922,-0.0020893006585538387,0.9998246431350708,0.018608126789331436,51.706512451171875
-0.14287711679935455,0.01806199550628662,-0.9895756244659424,-168.78109741210938,-0.9897375702857971,-0.005019530188292265,0.14280888438224792,12.4365816116333,-0.002387791173532605,0.9998242855072021,0.018593812361359596,51.736454010009766
-0.14317303895950317,0.01800372824072838,-0.9895339012145996,-168.2923126220703,-0.9896939992904663,-0.005318270530551672,0.14309944212436676,12.335613250732422,-0.00268628541380167,0.9998237490653992,0.018579615280032158,51.766395568847656
-0.1434689164161682,0.01794539950788021,-0.9894921183586121,-167.80355834960938,-0.989650309085846,-0.005616997368633747,0.1433899849653244,12.234489440917969,-0.0029847838450223207,0.9998232126235962,0.018565533682703972,51.79633331298828
-0.14376477897167206,0.017886893823742867,-0.989450216293335,-167.31483459472656,-0.9896064400672913,-0.005915693938732147,0.14368054270744324,12.133211135864258,-0.003283286467194557,0.9998224973678589,0.018551452085375786,51.826271057128906
-0.14406061172485352,0.017828326672315598,-0.9894082546234131,-166.82614135742188,-0.9895623922348022,-0.006214377470314503,0.14397108554840088,12.031777381896973,-0.0035817930474877357,0.9998217225074768,0.01853748969733715,51.856204986572266
-0.14435641467571259,0.017769701778888702,-0.9893661737442017,-166.3374786376953,-0.9895181655883789,-0.006513047497719526,0.14426161348819733,11.93018913269043,-0.0038803028874099255,0.99982088804245,0.018523642793297768,51.886138916015625
-0.14465220272541046,0.017711017280817032,-0.9893240332603455,-165.84886169433594,-0.9894737601280212,-0.006811703555285931,0.14455214142799377,11.828445434570312,-0.004178816918283701,0.9998199343681335,0.018509913235902786,51.91606903076172
-0.14494796097278595,0.017652153968811035,-0.9892818331718445,-165.3602752685547,-0.9894291758537292,-0.007110329810529947,0.14484266936779022,11.726547241210938,-0.004477334674447775,0.9998189210891724,0.018496183678507805,51.94599914550781
-0.14524368941783905,0.017593231052160263,-0.9892394542694092,-164.87171936035156,-0.9893844127655029,-0.007408941630274057,0.14513319730758667,11.624493598937988,-0.00477585569024086,0.9998177886009216,0.018482569605112076,51.97592544555664
-0.14553938806056976,0.017534248530864716,-0.9891970753669739,-164.38319396972656,-0.9893394708633423,-0.007707539945840836,0.14542371034622192,11.522285461425781,-0.0050743804313242435,0.9998165369033813,0.018469074741005898,52.0058479309082
-0.1458350569009781,0.017475206404924393,-0.989154577255249,-163.8946990966797,-0.9892943501472473,-0.008006124757230282,0.14571422338485718,11.419921875,-0.005372907966375351,0.9998152256011963,0.01845569722354412,52.035770416259766
-0.14613071084022522,0.017415987327694893,-0.9891119599342346,-163.40623474121094,-0.989249050617218,-0.008304676972329617,0.14600472152233124,11.317403793334961,-0.005671439226716757,0.9998138546943665,0.018442317843437195,52.06568908691406
-0.14642632007598877,0.017356708645820618,-0.9890692830085754,-162.9178009033203,-0.9892035722732544,-0.008603218011558056,0.1462952345609665,11.214731216430664,-0.005969975143671036,0.9998123645782471,0.01842905580997467,52.09560775756836
-0.14672191441059113,0.017297370359301567,-0.9890265464782715,-162.4293975830078,-0.9891579151153564,-0.008901745080947876,0.14658571779727936,11.111903190612793,-0.006268514320254326,0.9998107552528381,0.018415911123156548,52.12552261352539
-0.1470174789428711,0.01723785325884819,-0.988983690738678,-161.9410400390625,-0.9891120791435242,-0.00920024048537016,0.14687621593475342,11.008920669555664,-0.006567056756466627,0.9998090863227844,0.018402766436338425,52.155433654785156
-0.14731301367282867,0.017178278416395187,-0.9889407157897949,-161.4527130126953,-0.9890660643577576,-0.009498720988631248,0.14716669917106628,10.905782699584961,-0.006865601986646652,0.9998072981834412,0.018389737233519554,52.18534469604492
-0.14760853350162506,0.01711864210665226,-0.9888976812362671,-160.96441650390625,-0.9890199303627014,-0.009797188453376293,0.14745716750621796,10.802490234375,-0.0071641504764556885,0.9998054504394531,0.018376827239990234,52.21525192260742
-0.14790400862693787,0.017058948054909706,-0.9888545870780945,-160.4761505126953,-0.9889735579490662,-0.010095641016960144,0.14774765074253082,10.699043273925781,-0.007462701294571161,0.9998035430908203,0.018364034593105316,52.245155334472656
-0.14819946885108948,0.016999075189232826,-0.9888113737106323,-159.9879150390625,-0.9889270067214966,-0.010394061915576458,0.1480381041765213,10.595440864562988,-0.0077612558379769325,0.9998014569282532,0.01835124008357525,52.27505874633789
-0.1484948992729187,0.01693914271891117,-0.9887681007385254,-159.4997100830078,-0.9888803362846375,-0.010692470706999302,0.14832857251167297,10.491683959960938,-0.00805981457233429,0.999799370765686,0.018338562920689583,52.30495834350586
-0.14879028499126434,0.01687915064394474,-0.9887247085571289,-159.01153564453125,-0.9888334274291992,-0.010990861803293228,0.14861902594566345,10.387771606445312,-0.008358373306691647,0.9997971057891846,0.01832600310444832,52.33485412597656
-0.1490856558084488,0.016819100826978683,-0.9886812567710876,-158.52340698242188,-0.9887863993644714,-0.011289240792393684,0.14890946447849274,10.28370475769043,-0.008656937628984451,0.9997948408126831,0.018313560634851456,52.36474609375
