-0.14050890505313873,0.018525050953030586,-0.9899060726165771,-172.69248962402344,-0.990079402923584,-0.0026290016248822212,0.1404843032360077,13.238749504089355,1.4224218247704812e-08,0.9998249411582947,0.0187106691300869,51.496864318847656
-0.14204823970794678,0.015643399208784103,-0.9897361397743225,-172.21775817871094,-0.9898586273193359,-0.0037497931625694036,0.1420065462589264,13.106584548950195,-0.0014898404479026794,0.9998705983161926,0.016017405316233635,51.4122200012207
-0.1435829997062683,0.012759843841195107,-0.9895560145378113,-171.7429962158203,-0.9896337985992432,-0.004866135772317648,0.14353154599666595,12.973772048950195,-0.0029838739428669214,0.9999067783355713,0.013326266780495644,51.32879638671875
-0.14511308073997498,0.00987442210316658,-0.989365816116333,-171.26820373535156,-0.9894049167633057,-0.005978015251457691,0.14505915343761444,12.840311050415039,-0.004482068587094545,0.9999333620071411,0.010637289844453335,51.2465934753418
-0.14663857221603394,0.006987409666180611,-0.9891654849052429,-170.7933807373047,-0.9891720414161682,-0.00708545558154583,0.1465894877910614,12.706199645996094,-0.005984406918287277,0.9999504685401917,0.00795075111091137,51.165611267089844
-0.14815934002399445,0.004098494537174702,-0.988955020904541,-170.31854248046875,-0.988935112953186,-0.00818838831037283,0.14812242984771729,12.571436882019043,-0.007490869145840406,0.9999580979347229,0.005266331601887941,51.085845947265625
-0.1496753692626953,0.001207833644002676,-0.9887344837188721,-169.8436737060547,-0.9886941909790039,-0.009286823682487011,0.1496579349040985,12.43602180480957,-0.009001440368592739,0.9999561309814453,0.0025841868482530117,51.007301330566406
-0.15118665993213654,-0.0016844137571752071,-0.9885038137435913,-169.36880493164062,-0.9884492754936218,-0.010380761697888374,0.15119600296020508,12.299952507019043,-0.010516098700463772,0.9999446868896484,-9.55250725382939e-05,50.92997360229492
-0.15269328653812408,-0.004578327760100365,-0.9882630109786987,-168.8939208984375,-0.9882003664970398,-0.011470177210867405,0.15273675322532654,12.163227081298828,-0.012034830637276173,0.9999237060546875,-0.0027728858403861523,50.85386276245117
-0.1541951596736908,-0.007473865523934364,-0.9880121350288391,-168.41903686523438,-0.987947404384613,-0.01255505345761776,0.15428002178668976,12.025845527648926,-0.01355761382728815,0.9998932480812073,-0.0054478575475513935,50.778968811035156
-0.1556922346353531,-0.010370987467467785,-0.9877511858940125,-167.94415283203125,-0.9876904487609863,-0.013635382987558842,0.15582582354545593,11.887804985046387,-0.015084433369338512,0.999853253364563,-0.0081204017624259,50.705291748046875
-0.15718449652194977,-0.013269651681184769,-0.987480103969574,-167.46926879882812,-0.9874294996261597,-0.014711150899529457,0.15737412869930267,11.749105453491211,-0.01661526970565319,0.9998037219047546,-0.010790480300784111,50.63282775878906
-0.15867184102535248,-0.016169818118214607,-0.9871989488601685,-166.99440002441406,-0.9871645569801331,-0.015782348811626434,0.15892480313777924,11.609745025634766,-0.018150104209780693,0.999744713306427,-0.01345805637538433,50.56157684326172
-0.16015446186065674,-0.019071446731686592,-0.9869077205657959,-166.51954650878906,-0.9868955612182617,-0.016848962754011154,0.16047808527946472,11.469722747802734,-0.01968892104923725,0.9996761679649353,-0.01612308993935585,50.491539001464844
-0.16163210570812225,-0.021974612027406693,-0.9866064190864563,-166.04470825195312,-0.9866226315498352,-0.017910964787006378,0.16203370690345764,11.329036712646484,-0.021231699734926224,0.9995980858802795,-0.018785662949085236,50.42271423339844
-0.16310490667819977,-0.024879155680537224,-0.9862949848175049,-165.5699005126953,-0.9863457679748535,-0.018968356773257256,0.16359177231788635,11.1876859664917,-0.02277841977775097,0.9995104670524597,-0.021445617079734802,50.3551025390625
-0.16457271575927734,-0.027785034850239754,-0.9859735369682312,-165.09510803222656,-0.9860648512840271,-0.02002113312482834,0.1651521623134613,11.045669555664062,-0.024329066276550293,0.9994134306907654,-0.024102915078401566,50.288700103759766
-0.1660357564687729,-0.030692214146256447,-0.9856419563293457,-164.620361328125,-0.9857800006866455,-0.021069282665848732,0.1667150855064392,10.902985572814941,-0.025883624330163002,0.9993067979812622,-0.026757515966892242,50.2235107421875
-0.16749387979507446,-0.03360076621174812,-0.9853003621101379,-164.14564514160156,-0.9854910969734192,-0.022112764418125153,0.16828040778636932,10.75963306427002,-0.02744206413626671,0.9991906881332397,-0.02940950356423855,50.15953063964844
-0.16894686222076416,-0.03651052713394165,-0.9849486947059631,-163.6709747314453,-0.9851983189582825,-0.02315160073339939,0.16984787583351135,10.61561107635498,-0.029004374518990517,0.9990650415420532,-0.0320587195456028,50.09675598144531
-0.17039504647254944,-0.039421580731868744,-0.9845869541168213,-163.19635009765625,-0.984901487827301,-0.024185748770833015,0.17141784727573395,10.470917701721191,-0.030570536851882935,0.9989299178123474,-0.03470524400472641,50.03519058227539
-0.17183826863765717,-0.04233388230204582,-0.9842151403427124,-162.72177124023438,-0.9846007227897644,-0.025215202942490578,0.17299017310142517,10.325551986694336,-0.03214053064584732,0.9987852573394775,-0.03734903410077095,49.974830627441406
-0.17327643930912018,-0.04524727165699005,-0.9838333129882812,-162.24725341796875,-0.9842960238456726,-0.026239966973662376,0.17456471920013428,10.179512977600098,-0.033714331686496735,0.9986311197280884,-0.03998994082212448,49.91567611694336
-0.1747094988822937,-0.04816170409321785,-0.9834414124488831,-161.7727813720703,-0.9839873313903809,-0.027260052040219307,0.17614148557186127,10.032798767089844,-0.03529193624854088,0.9984675049781799,-0.04262791574001312,49.85772705078125
-0.17613770067691803,-0.051077380776405334,-0.9830394983291626,-161.2983856201172,-0.9836747050285339,-0.028275376185774803,0.17772066593170166,9.885408401489258,-0.03687331825494766,0.9982943534851074,-0.04526316374540329,49.80098342895508
-0.17756079137325287,-0.053994134068489075,-0.9826275110244751,-160.8240509033203,-0.9833580851554871,-0.02928597293794155,0.17930203676223755,9.737340927124023,-0.038458459079265594,0.9981117248535156,-0.04789552837610245,49.74544143676758
-0.17897887527942657,-0.05691192299127579,-0.9822054505348206,-160.34979248046875,-0.983037531375885,-0.030291803181171417,0.1808856874704361,9.588595390319824,-0.04004732519388199,0.9979195594787598,-0.050524964928627014,49.69110107421875
-0.1803918182849884,-0.05983059108257294,-0.9817734360694885,-159.8756103515625,-0.9827130436897278,-0.03129291161894798,0.18247148394584656,9.439169883728027,-0.04163992404937744,0.9977179169654846,-0.053151316940784454,49.637962341308594
-0.18179970979690552,-0.06275033205747604,-0.9813313484191895,-159.40150451660156,-0.9823846220970154,-0.03228921815752983,0.1840595304965973,9.289063453674316,-0.04323621839284897,0.9975067973136902,-0.055774789303541183,49.58602523803711
-0.18320244550704956,-0.06567086279392242,-0.9808793067932129,-158.927490234375,-0.982052206993103,-0.03328076750040054,0.18564969301223755,9.138275146484375,-0.044836193323135376,0.9972862005233765,-0.05839509889483452,49.53528594970703
